PlayerID	PlayerTrueName	PlayerTeams	SimpleMin	SimplePossFor	SimplePossOpp	SimplePointsFor	SimplePointsOpp	SimpleOffRtg	SimpleDefRtg	SimpleOverallRtg	SimpleORebFor	SimpleORebOpp	SimpleDRebFor	SimpleDRebOpp	SimpleORebRate	SimpleDRebRate	WeightedMinOffCourt	WeightedPossForOffCourt	WeightedPossOppOffCourt	WeightedPointsForOffCourt	WeightedPointsOppOffCourt	WeightedOffRtgOffCourt	WeightedDefRtgOffCourt	WeightedOverallRtgOffCourt	WeightedORebForOffCourt	WeightedORebOppOffCourt	WeightedDRebForOffCourt	WeightedDRebOppOffCourt	WeightedORebRateOffCourt	WeightedDRebRateOffCourt	WeightedOverallRtgOnCourt	WeightedORebRateOnCourt	WeightedDRebRateOnCourt	WeightedOverallRtgOnCourtMinusOffCourt	WeightedORebRateOnCourtMinusOffCourt	WeightedDRebRateOnCourtMinusOffCourt	AdjustedPM	AdjustedPMStdErr
2	Thomas, Kurt	MIL	199.1833	352	351	391	391	111.08	111.396	-0.316466	62	71	120	132	0.319588	0.628272	136.8167	250	253	239	265	95.6	104.743	-9.1431	55	55	88	93	0.3716	0.6154	-0.316466	0.319588	0.628272	8.8266	-0.052	0.0129	1.25502	3.41019
3	Dampier, Erick	DAL	118.4833	219	215	207	228	94.5205	106.047	-11.526	43	32	85	85	0.335938	0.726496	169.5167	315	316	350	332	111.111	105.063	6.0478	51	64	114	111	0.3148	0.6404	-11.526	0.335938	0.726496	-17.5738	0.0211	0.0861	-3.65843	3.27344
4	Marion, Shawn	DAL	148.2333	273	277	293	276	107.326	99.639	7.68702	49	51	108	97	0.335616	0.679245	139.7667	261	254	264	284	101.149	111.811	-10.6616	45	45	91	99	0.3125	0.6691	7.68702	0.335616	0.679245	18.3486	0.0231	0.0101	0.387168	2.48052
5	Nowitzki, Dirk	DAL	233.1000	428	424	451	465	105.374	109.67	-4.29598	72	70	156	157	0.31441	0.690265	54.9000	106	107	106	95	100	88.785	11.215	22	26	43	39	0.3607	0.6232	-4.29598	0.31441	0.690265	-15.511	-0.0463	0.0671	1.44009	3.07053
6	Terry, Jason	DAL	173.6833	322	316	343	345	106.522	109.177	-2.65548	50	61	116	118	0.297619	0.655367	114.3167	212	215	214	215	100.943	100	0.9434	44	35	83	78	0.3607	0.7034	-2.65548	0.297619	0.655367	-3.5989	-0.0631	-0.048	-0.644871	2.57856
8	Nash, Steve	PHX	535.2167	1027	1025	1236	1168	120.351	113.951	6.39932	175	182	363	333	0.344488	0.666055	229.3500	413	425	467	460	113.075	108.235	4.8398	95	83	144	151	0.3862	0.6344	6.39932	0.344488	0.666055	1.5595	-0.0417	0.0317	14.5142	4.24475
10	Jones, James	MIA	8.6167	15	16	22	16	146.667	100	46.6667	4	7	6	3	0.571429	0.461538	231.3833	437	436	416	463	95.1945	106.193	-10.9982	69	59	147	162	0.2987	0.7136	46.6667	0.571429	0.461538	57.6649	0.2727	-0.2521	-0.0720713	4.09831
12	Diaw, Boris	CHA	152.0667	276	276	265	313	96.0145	113.406	-17.3913	49	55	101	99	0.331081	0.647436	39.9333	65	65	77	66	118.462	101.538	16.9231	14	9	23	20	0.4118	0.7188	-17.3913	0.331081	0.647436	-34.3144	-0.0807	-0.0714	-1.24842	3.11957
14	Daniels, Marquis	BOS	37.2833	71	70	71	68	100	97.1429	2.85714	13	8	25	25	0.342105	0.757576	1119.7167	2077	2078	2182	2119	105.055	101.973	3.0823	350	381	748	740	0.3211	0.6625	2.85714	0.342105	0.757576	-0.2252	0.021	0.0951	-1.80196	3.31536
16	Barbosa, Leandro	PHX	249.6000	458	467	521	481	113.755	102.998	10.7576	100	94	162	173	0.3663	0.632813	514.9667	982	983	1182	1147	120.367	116.684	3.683	170	171	345	311	0.3534	0.6686	10.7576	0.3663	0.632813	7.0746	0.0129	-0.0358	0.978868	3.12193
17	Diop, DeSagana	CHA	0.0000	0	0	0	0	NULL	NULL	NULL	0	0	0	0	NULL	NULL	192.0000	341	341	342	379	100.293	111.144	-10.8504	63	64	124	119	0.346154	0.659574	NULL	NULL	NULL	NULL	NULL	NULL	NULL	NULL
21	Martin, Kenyon	DEN	205.0000	414	414	466	492	112.56	118.841	-6.28019	73	69	126	137	0.347619	0.646154	83.0000	167	162	190	171	113.772	105.556	8.2169	32	30	60	51	0.3855	0.6667	-6.28019	0.347619	0.646154	-14.4971	-0.0379	-0.0205	-2.3069	2.68556
23	Camby, Marcus	POR	177.5333	322	321	345	382	107.143	119.003	-11.8603	60	64	105	122	0.32967	0.621302	110.4667	202	202	213	238	105.446	117.822	-12.3762	43	41	65	74	0.3675	0.6132	-11.8603	0.32967	0.621302	0.5159	-0.0378	0.0081	0.651893	2.80516
24	Ginobili, Manu	SAS	352.4667	668	668	715	737	107.036	110.329	-3.29341	122	119	238	241	0.336088	0.666667	127.5333	243	242	246	258	101.235	106.612	-5.377	37	35	90	95	0.2803	0.72	-3.29341	0.336088	0.666667	2.0836	0.0558	-0.0533	1.71477	2.63821
25	Anthony, Carmelo	DEN	253.5667	509	506	576	563	113.163	111.265	1.89824	97	83	168	164	0.371648	0.669323	34.4333	72	70	80	100	111.111	142.857	-31.746	8	16	18	24	0.25	0.5294	1.89824	0.371648	0.669323	33.6442	0.1216	0.1399	3.88209	2.86517
26	Duncan, Tim	SAS	372.6000	701	696	765	763	109.13	109.626	-0.496622	112	113	262	255	0.305177	0.698667	107.4000	210	214	196	232	93.3333	108.411	-15.0779	47	41	66	81	0.3672	0.6168	-0.496622	0.305177	0.698667	14.5813	-0.062	0.0819	4.36666	3.34995
29	Finley, Michael	BOS	107.5333	206	196	197	177	95.6311	90.3061	5.32495	24	36	70	79	0.23301	0.660377	1049.4667	1942	1952	2056	2010	105.87	102.971	2.8989	339	353	703	686	0.3307	0.6657	5.32495	0.23301	0.660377	2.426	-0.0977	-0.0053	-5.82201	3.04937
30	Parker, Tony	SAS	335.2167	634	632	720	714	113.565	112.975	0.589985	115	111	221	228	0.335277	0.665663	144.7833	277	278	241	281	87.0036	101.079	-14.0755	44	43	107	108	0.2895	0.7133	0.589985	0.335277	0.665663	14.6655	0.0458	-0.0476	-0.485749	2.87839
31	Miller, Andre	POR	210.3500	382	378	416	458	108.901	121.164	-12.2635	69	71	119	139	0.331731	0.626316	77.6500	142	145	142	162	100	111.724	-11.7241	34	34	51	57	0.3736	0.6	-12.2635	0.331731	0.626316	-0.5394	-0.0419	0.0263	2.98586	2.58521
34	Hilario, Nene	DEN	168.9667	342	336	389	385	113.743	114.583	-0.840643	60	43	113	107	0.359281	0.724359	119.0333	239	240	267	278	111.715	115.833	-4.1179	45	56	73	81	0.3571	0.5659	-0.840643	0.359281	0.724359	3.2773	0.0022	0.1585	6.31083	3.07183
36	Najera, Eduardo	DAL	36.0833	70	69	57	68	81.4286	98.5507	-17.1222	15	19	24	32	0.319149	0.55814	251.9167	464	462	500	492	107.759	106.493	1.2651	79	77	175	164	0.3251	0.6944	-17.1222	0.319149	0.55814	-18.3873	-0.006	-0.1363	-9.5296	3.82592
40	Mohammed, Nazr	CHA	47.7833	84	81	96	106	114.286	130.864	-16.5785	17	13	26	25	0.404762	0.666667	144.2167	257	260	246	273	95.7198	105	-9.2802	46	51	98	94	0.3286	0.6577	-16.5785	0.404762	0.666667	-7.2983	0.0762	0.009	-6.43706	3.54496
45	Redd, Michael	MIL	0.0000	0	0	0	0	NULL	NULL	NULL	0	0	0	0	NULL	NULL	336.0000	602	604	630	656	104.651	108.609	-3.95811	117	126	208	225	0.342105	0.622755	NULL	NULL	NULL	NULL	NULL	NULL	-10.776	4.15144
49	Bogut, Andrew	MIL	0.0000	0	0	0	0	NULL	NULL	NULL	0	0	0	0	NULL	NULL	336.0000	602	604	630	656	104.651	108.609	-3.95811	117	126	208	225	0.342105	0.622755	NULL	NULL	NULL	NULL	NULL	NULL	9.76234	3.57758
51	Magloire, Jamaal	MIA	4.5000	9	9	13	8	144.444	88.8889	55.5556	0	2	4	3	0	0.666667	235.5000	443	443	425	471	95.9368	106.321	-10.3837	73	64	149	162	0.3106	0.6995	55.5556	0	0.666667	65.9393	-0.3106	-0.0328	NULL	NULL
54	Korver, Kyle	UTA	210.1833	417	423	481	486	115.348	114.894	0.454105	75	72	126	130	0.365854	0.636364	269.8167	527	526	590	607	111.954	115.399	-3.4448	103	104	179	188	0.354	0.6325	0.454105	0.365854	0.636364	3.8989	0.0119	0.0039	1.51685	3.18747
55	Williams, Mo	CLE	410.9333	800	804	887	842	110.875	104.726	6.14863	118	144	306	273	0.30179	0.68	117.0667	220	221	215	246	97.7273	111.312	-13.5849	40	41	69	85	0.32	0.6273	6.14863	0.30179	0.68	19.7335	-0.0182	0.0527	-4.09314	2.69589
56	Gadzuric, Dan	MIL	76.1000	141	145	141	140	100	96.5517	3.44828	26	32	51	48	0.351351	0.614458	259.9000	461	459	489	516	106.074	112.418	-6.3445	91	94	157	177	0.3396	0.6255	3.44828	0.351351	0.614458	9.7928	0.0118	-0.011	7.25581	4.54343
59	Salmons, John	MIL	285.0167	506	505	537	541	106.126	107.129	-1.00223	104	98	180	194	0.348993	0.647482	50.9833	96	99	93	115	96.875	116.162	-19.2866	13	28	28	31	0.2955	0.5	-1.00223	0.348993	0.647482	18.2844	0.0535	0.1475	-0.885759	2.19731
60	Bell, Charlie	MIL	8.1500	19	19	22	26	115.789	136.842	-21.0526	2	3	3	4	0.333333	0.5	327.8500	583	585	608	630	104.288	107.692	-3.4041	115	123	205	221	0.3423	0.625	-21.0526	0.333333	0.5	-17.6485	-0.009	-0.125	-2.64206	2.85678
61	Ollie, Kevin	OKC	5.4500	10	10	6	13	60	130	-70	0	4	3	7	0	0.428571	282.5500	535	535	557	560	104.112	104.673	-0.5607	102	106	196	204	0.3333	0.649	-70	0	0.428571	-69.4393	-0.3333	-0.2204	NULL	NULL
63	Smith, J.R.	DEN	159.2333	328	322	358	372	109.146	115.528	-6.38161	61	62	108	108	0.360947	0.635294	128.7667	253	254	298	291	117.787	114.567	3.2196	44	37	78	80	0.3548	0.6783	-6.38161	0.360947	0.635294	-9.6012	0.0061	-0.043	-2.56372	2.89969
65	Miller, Brad	CHI	92.6500	176	176	182	212	103.409	120.455	-17.0455	23	24	65	70	0.247312	0.730337	147.3500	290	289	303	319	104.483	110.381	-5.8979	61	42	100	110	0.3567	0.7042	-17.0455	0.247312	0.730337	-11.1476	-0.1094	0.0261	-1.42109	2.8269
68	Bibby, Mike	ATL	292.4167	517	512	565	573	109.284	111.914	-2.62973	87	103	180	189	0.315217	0.636042	235.5833	429	433	419	486	97.669	112.24	-14.5712	107	81	146	163	0.3963	0.6432	-2.62973	0.315217	0.636042	11.9415	-0.0811	-0.0072	-3.56919	3.17595
73	Andersen, Chris	DEN	115.7333	225	225	255	259	113.333	115.111	-1.77778	45	45	76	73	0.381356	0.628099	172.2667	356	351	401	404	112.64	115.1	-2.4593	60	54	110	115	0.3429	0.6707	-1.77778	0.381356	0.628099	0.6815	0.0385	-0.0426	8.30025	3.22921
83	Bass, Brandon	ORL	42.2667	77	77	93	84	120.779	109.091	11.6883	13	11	25	25	0.342105	0.694444	634.7333	1143	1140	1259	1147	110.149	100.614	9.5347	209	206	433	397	0.3449	0.6776	11.6883	0.342105	0.694444	2.1536	-0.0028	0.0168	-3.41568	3.55689
85	Price, Ronnie	UTA	89.5500	165	172	190	186	115.152	108.14	7.01198	33	33	66	57	0.366667	0.666667	390.4500	779	777	881	907	113.094	116.731	-3.6373	145	143	239	261	0.3571	0.6257	7.01198	0.366667	0.666667	10.6493	0.0096	0.041	-2.56165	4.01628
86	Johnson, Joe	ATL	440.4667	778	781	820	842	105.398	107.811	-2.41204	161	146	278	292	0.355408	0.65566	87.5333	168	164	164	217	97.619	132.317	-34.698	33	38	48	60	0.3548	0.5581	-2.41204	0.355408	0.65566	32.286	0.0006	0.0976	-1.05756	3.58501
88	Pachulia, Zaza	ATL	160.6167	290	297	280	349	96.5517	117.508	-20.9567	69	62	85	101	0.405882	0.578231	367.3833	656	648	704	710	107.317	109.568	-2.2508	125	122	241	251	0.3324	0.6639	-20.9567	0.405882	0.578231	-18.7059	0.0735	-0.0857	-1.22441	3.81541
90	Richardson, Jason	PHX	529.6500	1015	1018	1213	1183	119.507	116.208	3.29914	175	178	360	328	0.347913	0.669145	234.9167	425	432	490	445	115.294	103.009	12.2849	95	87	147	156	0.3785	0.6282	3.29914	0.347913	0.669145	-8.9858	-0.0306	0.0409	-1.70669	3.013
93	Foyle, Adonal	ORL	0.0000	0	0	0	0	NULL	NULL	NULL	0	0	0	0	NULL	NULL	677.0000	1220	1217	1352	1231	110.82	101.15	9.6693	222	217	458	422	0.34472	0.678519	NULL	NULL	NULL	NULL	NULL	NULL	NULL	NULL
94	Smith, Josh	ATL	392.1500	693	693	719	780	103.752	112.554	-8.80231	140	129	245	265	0.345679	0.65508	135.8500	253	252	265	279	104.743	110.714	-5.9712	54	55	81	87	0.383	0.5956	-8.80231	0.345679	0.65508	-2.8311	-0.0373	0.0595	1.17793	3.15225
97	Williams, Marvin	ATL	344.7500	611	614	631	696	103.273	113.355	-10.0817	116	121	211	226	0.339181	0.635542	183.2500	335	331	353	363	105.373	109.668	-4.2945	78	63	115	126	0.3824	0.6461	-10.0817	0.339181	0.635542	-5.7872	-0.0432	-0.0106	-4.42088	2.73442
98	Pietrus, Mickael	ORL	281.7667	496	498	535	495	107.863	99.3976	8.46531	99	92	198	186	0.347368	0.682759	395.2333	724	719	817	736	112.845	102.364	10.4809	123	125	260	236	0.3426	0.6753	8.46531	0.347368	0.682759	-2.0156	0.0048	0.0075	-8.30655	3.25947
103	Fisher, Derek	LAL	751.1500	1421	1416	1635	1560	115.06	110.169	4.89033	279	272	515	477	0.369048	0.654384	349.4167	643	641	678	666	105.443	103.9	1.5431	134	124	232	231	0.3671	0.6517	4.89033	0.369048	0.654384	3.3472	0.0019	0.0027	-3.44808	4.22586
109	Ivey, Royal	MIL	10.6500	21	22	23	28	109.524	127.273	-17.7489	3	5	6	6	0.333333	0.545455	325.3500	581	582	607	628	104.475	107.904	-3.4287	114	121	202	219	0.3423	0.6254	-17.7489	0.333333	0.545455	-14.3202	-0.009	-0.0799	NULL	NULL
110	Hinrich, Kirk	CHI	196.4667	385	388	385	443	100	114.175	-14.1753	57	60	137	153	0.271429	0.695431	43.5333	81	77	100	88	123.457	114.286	9.1711	27	6	28	27	0.5	0.8235	-14.1753	0.271429	0.695431	-23.3464	-0.2286	-0.1281	-3.69817	2.73856
111	Wallace, Gerald	CHA	163.6333	291	292	307	331	105.498	113.356	-7.85788	50	58	102	97	0.340136	0.6375	28.3667	50	49	35	48	70	97.9592	-27.9592	13	6	22	22	0.3714	0.7857	-7.85788	0.340136	0.6375	20.1013	-0.0313	-0.1482	2.29013	3.20463
115	Brezec, Primoz	MIL	25.4500	47	46	44	49	93.617	106.522	-12.9047	11	11	19	17	0.392857	0.633333	310.5500	555	558	586	607	105.586	108.781	-3.1958	106	115	189	208	0.3376	0.6217	-12.9047	0.392857	0.633333	-9.7089	0.0553	0.0116	NULL	NULL
118	Chandler, Tyson	CHA	59.9833	102	99	106	100	103.922	101.01	2.91147	25	18	42	36	0.409836	0.7	132.0167	239	242	236	279	98.7448	115.289	-16.5445	38	46	82	83	0.314	0.6406	2.91147	0.409836	0.7	19.456	0.0958	0.0594	-5.6671	3.11043
122	Deng, Luol	CHI	202.6167	396	393	422	453	106.566	115.267	-8.70152	75	54	137	147	0.337838	0.717277	37.3833	70	72	63	78	90	108.333	-18.3333	9	12	28	33	0.2143	0.7	-8.70152	0.337838	0.717277	9.6318	0.1235	0.0173	4.83779	3.11326
125	Thomas, Tim	DAL	0.0000	0	0	0	0	NULL	NULL	NULL	0	0	0	0	NULL	NULL	288.0000	534	531	557	560	104.307	105.461	-1.15428	94	96	199	196	0.324138	0.674576	NULL	NULL	NULL	NULL	NULL	NULL	NULL	NULL
126	Felton, Raymond	CHA	129.5333	240	239	241	287	100.417	120.084	-19.667	40	46	78	85	0.32	0.629032	62.4667	101	102	101	92	100	90.1961	9.8039	23	18	46	34	0.4035	0.7188	-19.667	0.32	0.629032	-29.4709	-0.0835	-0.0898	0.35457	3.56852
128	Carroll, Matt	DAL	4.7167	8	9	5	7	62.5	77.7778	-15.2778	1	4	2	6	0.142857	0.333333	283.2833	526	522	552	553	104.943	105.939	-0.9957	93	92	197	190	0.3286	0.6817	-15.2778	0.142857	0.333333	-14.2821	-0.1857	-0.3484	NULL	NULL
130	Allen, Malik	DEN	11.0667	23	22	26	27	113.043	122.727	-9.68379	6	6	6	7	0.461538	0.5	276.9333	558	554	630	636	112.903	114.801	-1.8982	99	93	180	181	0.3536	0.6593	-9.68379	0.461538	0.5	-7.7856	0.1079	-0.1593	NULL	NULL
132	Okur, Mehmet	UTA	11.0000	23	22	32	31	139.13	140.909	-1.77866	2	1	6	7	0.222222	0.857143	469.0000	921	927	1039	1062	112.812	114.563	-1.7509	176	175	299	311	0.3614	0.6308	-1.77866	0.222222	0.857143	-0.0278	-0.1392	0.2263	0.770944	3.33304
136	Kirilenko, Andrei	UTA	29.5000	52	58	58	71	111.538	122.414	-10.8753	16	12	17	20	0.444444	0.586207	450.5000	892	891	1013	1022	113.565	114.703	-1.1376	162	164	288	298	0.3522	0.6372	-10.8753	0.444444	0.586207	-9.7377	0.0922	-0.051	-1.64968	2.97508
137	Collins, Jarron	PHX	115.3000	210	213	213	237	101.429	111.268	-9.83903	32	24	77	75	0.299065	0.762376	649.2667	1230	1237	1490	1391	121.138	112.45	8.6887	238	241	430	409	0.3679	0.6408	-9.83903	0.299065	0.762376	-18.5277	-0.0688	0.1216	NULL	NULL
139	Williams, Deron	UTA	398.0333	795	795	898	930	112.956	116.981	-4.02516	142	149	248	270	0.34466	0.624685	81.9667	149	154	173	163	116.107	105.844	10.2632	36	27	57	48	0.4286	0.6786	-4.02516	0.34466	0.624685	-14.2884	-0.0839	-0.0539	5.24334	3.81071
140	Brown, Devin	CHI	2.2500	5	5	5	2	100	40	60	1	0	3	3	0.25	1	237.7500	461	460	480	529	104.121	115	-10.8785	83	66	162	177	0.3192	0.7105	60	0.25	1	70.8785	-0.0692	0.2895	-2.74564	3.63624
143	O'Neal, Jermaine	MIA	116.6167	213	212	187	216	87.7934	101.887	-14.0934	40	27	69	85	0.32	0.71875	123.3833	239	240	251	263	105.021	109.583	-4.5624	33	39	84	80	0.292	0.6829	-14.0934	0.32	0.71875	-9.531	0.028	0.0359	-3.01068	3.15608
145	Artest, Ron	LAL	835.4667	1568	1568	1809	1714	115.37	109.311	6.05867	310	306	566	528	0.369928	0.649083	265.1000	496	489	504	512	101.613	104.703	-3.0906	103	90	181	180	0.364	0.6679	6.05867	0.369928	0.649083	9.1493	0.0059	-0.0188	3.78579	2.4442
147	Jackson, Stephen	CHA	155.9333	280	274	268	312	95.7143	113.869	-18.1543	52	54	101	96	0.351351	0.651613	36.0667	61	67	74	67	121.312	100	21.3115	11	10	23	23	0.3235	0.697	-18.1543	0.351351	0.651613	-39.4658	0.0279	-0.0454	-0.454782	2.58392
148	Stevenson, DeShawn	DAL	6.2667	12	12	5	9	41.6667	75	-33.3333	1	4	3	9	0.1	0.428571	281.7333	522	519	552	551	105.747	106.166	-0.4186	93	92	196	187	0.3321	0.6806	-33.3333	0.1	0.428571	-32.9147	-0.2321	-0.252	-7.25112	3.42282
149	Howard, Dwight	ORL	497.0500	892	890	992	912	111.211	102.472	8.73885	168	154	337	300	0.358974	0.686354	179.9500	328	327	360	319	109.756	97.5535	12.2026	54	63	121	122	0.3068	0.6576	8.73885	0.358974	0.686354	-3.4637	0.0522	0.0288	10.1285	4.55747
158	Nelson, Jameer	ORL	479.4833	885	871	975	877	110.169	100.689	9.48063	156	142	328	301	0.341357	0.697872	197.5167	335	346	377	354	112.537	102.312	10.2252	66	75	130	121	0.3529	0.6341	9.48063	0.341357	0.697872	-0.7446	-0.0115	0.0638	1.23547	5.17726
166	Allen, Ray	BOS	924.9833	1717	1709	1828	1767	106.465	103.394	3.07097	302	313	624	606	0.332599	0.665955	232.0167	431	439	425	420	98.6079	95.672	2.9359	61	76	149	159	0.2773	0.6622	3.07097	0.332599	0.665955	0.1351	0.0553	0.0038	6.61567	3.25384
168	Petro, Johan	DEN	44.8667	89	89	105	102	117.978	114.607	3.37079	11	22	27	27	0.289474	0.55102	243.1333	492	487	551	561	111.992	115.195	-3.2032	94	77	159	161	0.3686	0.6737	3.37079	0.289474	0.55102	6.574	-0.0791	-0.1227	NULL	NULL
170	Lewis, Rashard	ORL	512.2500	929	918	1045	901	112.487	98.1481	14.3384	160	171	351	325	0.329897	0.672414	164.7500	291	299	307	330	105.498	110.368	-4.8696	62	46	107	97	0.3899	0.6993	14.3384	0.329897	0.672414	19.208	-0.06	-0.0269	0.838885	3.23749
172	Collison, Nick	OKC	128.7333	240	242	268	235	111.667	97.1074	14.5592	44	41	92	77	0.363636	0.691729	159.2667	305	303	295	338	96.7213	111.551	-14.8298	58	69	107	134	0.3021	0.608	14.5592	0.363636	0.691729	29.389	0.0615	0.0837	4.69589	3.05623
173	Ridnour, Luke	MIL	121.1833	221	220	213	233	96.3801	105.909	-9.529	47	56	68	82	0.364341	0.548387	214.8167	381	384	417	423	109.449	110.156	-0.7074	70	70	140	143	0.3286	0.6667	-9.529	0.364341	0.548387	-8.8216	0.0357	-0.1183	-4.08336	3.0341
174	Murray, Ronald (Flip)	CHI	97.3833	181	178	207	214	114.365	120.225	-5.86008	45	26	61	64	0.412844	0.701149	142.6167	285	287	278	317	97.5439	110.453	-12.9091	39	40	104	116	0.2516	0.7222	-5.86008	0.412844	0.701149	7.049	0.1612	-0.0211	1.12355	2.40622
186	Bryant, Kobe	LAL	919.3500	1734	1726	1970	1873	113.61	108.517	5.09335	349	328	608	586	0.373262	0.649573	181.2167	330	331	343	353	103.939	106.646	-2.7071	64	68	139	122	0.3441	0.6715	5.09335	0.373262	0.649573	7.8004	0.0292	-0.0219	8.43917	3.24757
187	Odom, Lamar	LAL	663.9333	1243	1236	1415	1328	113.837	107.443	6.39412	253	233	440	429	0.370968	0.653789	436.6333	821	821	898	898	109.379	109.379	0	160	163	307	279	0.3645	0.6532	6.39412	0.370968	0.653789	6.3941	0.0065	0.0006	1.25023	3.13086
193	Vujacic, Sasha	LAL	75.8667	137	142	141	135	102.92	95.0704	7.84929	35	24	57	53	0.397727	0.703704	1024.7000	1927	1915	2172	2091	112.714	109.191	3.5235	378	372	690	655	0.3659	0.6497	7.84929	0.397727	0.703704	4.3258	0.0318	0.054	-2.62391	3.67799
194	Bynum, Andrew	LAL	561.0500	1017	1026	1121	1129	110.226	110.039	0.187169	199	194	385	351	0.361818	0.66494	539.5167	1047	1031	1192	1097	113.849	106.402	7.4475	214	202	362	357	0.3748	0.6418	0.187169	0.361818	0.66494	-7.2603	-0.013	0.0231	-4.83149	3.16554
196	Williams, Jason	ORL	192.1167	327	335	360	336	110.092	100.299	9.79324	63	73	128	119	0.346154	0.636816	484.8833	893	882	992	895	111.086	101.474	9.6123	159	144	330	303	0.3442	0.6962	9.79324	0.346154	0.636816	0.1809	0.002	-0.0594	0.587565	5.45687
197	Gasol, Pau	LAL	909.8667	1726	1715	1943	1847	112.572	107.697	4.87563	344	332	624	589	0.368703	0.65272	190.7000	338	342	370	379	109.467	110.819	-1.3513	69	64	123	119	0.367	0.6578	4.87563	0.368703	0.65272	6.2269	0.0017	-0.0051	-1.70237	3.29513
201	Haslem, Udonis	MIA	141.6667	269	265	256	287	95.1673	108.302	-13.1346	43	43	86	99	0.302817	0.666667	98.3333	183	187	182	192	99.4536	102.674	-3.2202	30	23	67	66	0.3125	0.7444	-13.1346	0.302817	0.666667	-9.9144	-0.0097	-0.0777	-10.1781	3.28356
203	O'Neal, Shaquille	CLE	243.2333	471	471	491	504	104.246	107.006	-2.76008	72	70	182	168	0.3	0.722222	284.7667	549	554	611	584	111.293	105.415	5.8781	86	115	193	190	0.3116	0.6266	-2.76008	0.3	0.722222	-8.6382	-0.0116	0.0956	-7.62122	2.81802
204	Wade, Dwyane	MIA	209.8500	404	400	396	432	98.0198	108	-9.9802	63	59	132	145	0.302885	0.691099	30.1500	48	52	42	47	87.5	90.3846	-2.8846	10	7	21	20	0.3333	0.75	-9.9802	0.302885	0.691099	-7.0956	-0.0304	-0.0589	16.2722	3.30974
214	Wright, Dorell	MIA	111.4667	205	209	198	208	96.5854	99.5215	-2.93617	38	35	81	74	0.339286	0.698276	128.5333	247	243	240	271	97.166	111.523	-14.3566	35	31	72	91	0.2778	0.699	-2.93617	0.339286	0.698276	11.4204	0.0615	-0.0007	7.1096	3.36098
218	Warrick, Hakim	CHI	30.9333	61	59	62	67	101.639	113.559	-11.92	14	9	21	25	0.358974	0.7	209.0667	405	406	423	464	104.444	114.286	-9.8413	70	57	144	155	0.3111	0.7164	-11.92	0.358974	0.7	-2.0787	0.0479	-0.0164	-5.66785	2.7127
220	Krstic, Nenad	OKC	129.2167	247	244	231	272	93.5223	111.475	-17.9531	49	52	85	111	0.30625	0.620438	158.7833	298	301	332	301	111.409	100	11.4094	53	58	114	100	0.3464	0.6628	-17.9531	0.30625	0.620438	-29.3625	-0.0401	-0.0424	-4.73442	3.54303
221	Jefferson, Richard	SAS	333.7667	625	629	657	687	105.12	109.221	-4.10099	113	101	228	231	0.328488	0.693009	146.2333	286	281	304	308	106.294	109.608	-3.3148	46	53	100	105	0.3046	0.6536	-4.10099	0.328488	0.693009	-0.7862	0.0239	0.0394	-0.498631	2.44407
222	Kidd, Jason	DAL	243.3000	445	446	474	466	106.517	104.484	2.03255	81	81	169	159	0.3375	0.676	44.7000	89	85	83	94	93.2584	110.588	-17.3298	13	15	30	37	0.26	0.6667	2.03255	0.3375	0.676	19.3623	0.0775	0.0093	3.08227	3.38305
223	Collins, Jason	ATL	9.6000	19	18	17	20	89.4737	111.111	-21.6374	5	6	7	9	0.357143	0.538462	518.4000	927	927	967	1039	104.315	112.082	-7.767	189	178	319	343	0.3553	0.6419	-21.6374	0.357143	0.538462	-13.8704	0.0018	-0.1034	NULL	NULL
224	Carter, Vince	ORL	479.5333	864	864	964	866	111.574	100.231	11.3426	152	144	325	295	0.340045	0.692964	197.4667	356	353	388	365	108.989	103.399	5.5893	70	73	133	127	0.3553	0.6456	11.3426	0.340045	0.692964	5.7533	-0.0153	0.0474	1.58306	3.05482
237	Richardson, Quentin	MIA	148.6500	288	288	269	322	93.4028	111.806	-18.4028	40	35	88	110	0.266667	0.715447	91.3500	164	164	169	157	103.049	95.7317	7.3171	33	31	65	55	0.375	0.6771	-18.4028	0.266667	0.715447	-25.7199	-0.1083	0.0383	-0.114629	2.94786
239	West, Delonte	CLE	268.6833	506	509	548	550	108.3	108.055	0.245385	80	104	177	177	0.311284	0.629893	259.3167	514	516	554	538	107.782	104.264	3.5185	78	81	198	181	0.3012	0.7097	0.245385	0.311284	0.629893	-3.2731	0.0101	-0.0798	-3.68274	2.69141
240	Pierce, Paul	BOS	929.7833	1735	1729	1839	1784	105.994	103.181	2.81321	294	315	623	611	0.324862	0.664179	227.2167	413	419	414	403	100.242	96.1814	4.0607	69	74	150	154	0.3094	0.6696	2.81321	0.324862	0.664179	-1.2475	0.0155	-0.0054	0.647372	3.04589
241	Barnes, Matt	ORL	325.7667	593	603	684	642	115.346	106.468	8.87804	99	102	213	195	0.336735	0.67619	351.2333	627	614	668	589	106.539	95.9283	10.6107	123	115	245	227	0.3514	0.6806	8.87804	0.336735	0.67619	-1.7327	-0.0147	-0.0044	-4.11945	2.94069
249	Crawford, Jamal	ATL	350.7833	647	638	671	709	103.709	111.129	-7.4191	150	124	226	236	0.388601	0.645714	177.2167	299	307	313	350	104.682	114.007	-9.3242	44	60	100	116	0.275	0.625	-7.4191	0.388601	0.645714	1.9051	0.1136	0.0207	1.30455	2.56509
252	Scalabrine, Brian	BOS	0.8500	2	2	0	0	0	0	0	0	0	1	0	NULL	1	1156.1500	2146	2146	2253	2187	104.986	101.91	3.0755	363	389	772	765	0.3218	0.6649	0	NULL	1	-3.0755	NULL	0.3351	-13.2606	4.22275
253	Perkins, Kendrick	BOS	574.7500	1078	1093	1164	1096	107.978	100.274	7.70326	179	191	405	362	0.330869	0.67953	582.2500	1070	1055	1089	1091	101.776	103.412	-1.6366	184	198	368	403	0.3135	0.6502	7.70326	0.330869	0.67953	9.3399	0.0174	0.0293	-2.08885	3.47227
254	Robinson, Nate	BOS	127.8833	224	220	235	227	104.911	103.182	1.7289	47	30	78	87	0.350746	0.722222	1029.1167	1924	1928	2018	1960	104.886	101.66	3.2259	316	359	695	678	0.3179	0.6594	1.7289	0.350746	0.722222	-1.497	0.0328	0.0628	-1.90354	2.8452
258	Ilgauskas, Zydrunas	CLE	68.6000	135	134	136	140	100.741	104.478	-3.73687	19	19	54	49	0.279412	0.739726	459.4000	885	891	966	948	109.152	106.397	2.7552	139	166	321	309	0.3103	0.6591	-3.73687	0.279412	0.739726	-6.4921	-0.0309	0.0806	-5.42901	2.97919
260	James, LeBron	CLE	459.9833	895	893	983	939	109.832	105.151	4.68123	141	166	328	312	0.311258	0.663968	68.0167	125	132	119	149	95.2	112.879	-17.6788	17	19	47	46	0.2698	0.7121	4.68123	0.311258	0.663968	22.36	0.0415	-0.0481	16.2188	2.98126
261	Hughes, Larry	CHA	57.9833	100	105	97	104	97	99.0476	-2.04762	19	14	44	39	0.327586	0.758621	134.0167	241	236	245	275	101.66	116.525	-14.8657	44	50	80	80	0.3548	0.6154	-2.04762	0.327586	0.758621	12.8181	-0.0272	0.1432	-3.49187	2.83317
271	Billups, Chauncey	DEN	207.2167	422	420	459	487	108.768	115.952	-7.18461	78	71	137	142	0.354545	0.658654	80.7833	159	156	197	176	123.899	112.821	11.0789	27	28	49	46	0.3699	0.6364	-7.18461	0.354545	0.658654	-18.2635	-0.0154	0.0223	-5.62322	3.39038
274	Wallace, Rasheed	BOS	410.3500	739	740	768	769	103.924	103.919	0.005303	120	146	267	273	0.305344	0.646489	746.6500	1409	1408	1485	1418	105.394	100.71	4.6837	243	243	506	492	0.3306	0.6756	0.005303	0.305344	0.646489	-4.6784	-0.0253	-0.0291	-2.93058	2.86514
275	McDyess, Antonio	SAS	247.0500	452	455	490	492	108.407	108.132	0.275212	71	66	175	166	0.299578	0.726141	232.9500	459	455	471	503	102.614	110.549	-7.9351	88	88	153	170	0.3411	0.6349	0.275212	0.299578	0.726141	8.2103	-0.0415	0.0912	2.64861	2.72413
276	Evans, Maurice	ATL	148.3500	277	276	256	329	92.4188	119.203	-26.7841	66	54	84	107	0.381503	0.608696	379.6500	669	669	728	730	108.819	109.118	-0.299	128	130	242	245	0.3432	0.6505	-26.7841	0.381503	0.608696	-26.4851	0.0383	-0.0418	-9.49094	3.09686
277	Arroyo, Carlos	MIA	114.5000	209	212	194	226	92.823	106.604	-13.7808	32	25	69	83	0.278261	0.734043	125.5000	243	240	244	253	100.411	105.417	-5.0051	41	41	84	82	0.3333	0.672	-13.7808	0.278261	0.734043	-8.7757	-0.055	0.062	-2.7516	3.44147
279	Delfino, Carlos	MIL	225.5667	395	398	415	462	105.063	116.08	-11.0171	78	76	136	147	0.346667	0.641509	110.4333	207	206	215	194	103.865	94.1748	9.69	39	50	72	78	0.3333	0.5902	-11.0171	0.346667	0.641509	-20.7071	0.0134	0.0513	-4.34081	2.90949
284	Przybilla, Joel	POR	0.0000	0	0	0	0	NULL	NULL	NULL	0	0	0	0	NULL	NULL	288.0000	524	523	558	620	106.489	118.547	-12.0583	103	105	170	196	0.344482	0.618182	NULL	NULL	NULL	NULL	NULL	NULL	1.05006	4.06991
285	Garnett, Kevin	BOS	765.6833	1434	1425	1514	1470	105.579	103.158	2.42091	249	273	500	519	0.324219	0.646831	391.3167	714	723	739	717	103.501	99.1701	4.3313	114	116	273	246	0.3167	0.7018	2.42091	0.324219	0.646831	-1.9104	0.0075	-0.055	-0.302405	3.56867
289	Telfair, Sebastian	CLE	0.0000	0	0	0	0	NULL	NULL	NULL	0	0	0	0	NULL	NULL	528.0000	1020	1025	1102	1088	108.039	106.146	1.89287	158	185	375	358	0.306202	0.669643	NULL	NULL	NULL	NULL	NULL	NULL	-5.45415	3.68926
297	Ratliff, Theo	CHA	47.2833	81	84	69	87	85.1852	103.571	-18.3862	9	19	28	31	0.225	0.595745	144.7167	260	257	273	292	105	113.619	-8.6187	54	45	96	88	0.3803	0.6809	-18.3862	0.225	0.595745	-9.7675	-0.1553	-0.0852	-6.15398	3.55124
298	Carter, Anthony	DEN	6.8667	11	11	14	15	127.273	136.364	-9.09091	2	4	1	3	0.4	0.2	281.1333	570	565	642	648	112.632	114.69	-2.0587	103	95	185	185	0.3576	0.6607	-9.09091	0.4	0.2	-7.0322	0.0424	-0.4607	-11.5747	3.33568
304	Howard, Juwan	POR	86.5000	154	152	169	196	109.74	128.947	-19.2071	31	32	44	53	0.369048	0.578947	201.5000	370	371	389	424	105.135	114.286	-9.1506	72	73	126	143	0.3349	0.6332	-19.2071	0.369048	0.578947	-10.0565	0.0341	-0.0543	-7.9427	3.33857
316	Jamison, Antawn	CLE	374.7333	731	729	813	770	111.218	105.624	5.59337	118	133	269	246	0.324176	0.669154	153.2667	289	296	289	318	100	107.432	-7.4324	40	52	106	112	0.2632	0.6709	5.59337	0.324176	0.669154	13.0258	0.061	-0.0017	0.666363	2.36806
317	Graham, Joey	DEN	29.4167	63	63	66	64	104.762	101.587	3.1746	13	15	19	23	0.361111	0.558824	258.5833	518	513	590	599	113.9	116.764	-2.8645	92	84	167	165	0.358	0.6653	3.1746	0.361111	0.558824	6.0391	0.0031	-0.1065	-4.86948	3.20952
322	Haywood, Brendan	DAL	138.6333	257	254	295	266	114.786	104.724	10.0616	42	43	94	88	0.323077	0.686131	149.3667	277	277	262	294	94.5848	106.137	-11.5523	52	53	105	108	0.325	0.6646	10.0616	0.323077	0.686131	21.6139	-0.0019	0.0215	6.52473	3.15394
323	Thomas, Etan	OKC	17.4500	32	32	33	36	103.125	112.5	-9.375	2	7	15	16	0.111111	0.681818	270.5500	513	513	530	537	103.314	104.678	-1.3645	100	103	184	195	0.339	0.6411	-9.375	0.111111	0.681818	-8.0105	-0.2279	0.0407	NULL	NULL
324	Butler, Caron	DAL	202.0333	376	376	378	398	100.532	105.851	-5.31915	71	69	142	139	0.338095	0.672986	85.9667	158	155	179	162	113.291	104.516	8.775	23	27	57	57	0.2875	0.6786	-5.31915	0.338095	0.672986	-14.0941	0.0506	-0.0056	-4.98263	2.57114
330	Bonner, Matt	SAS	173.3500	342	338	348	375	101.754	110.947	-9.19236	57	66	117	129	0.306452	0.639344	306.6500	569	572	613	620	107.733	108.392	-0.6587	102	88	211	207	0.3301	0.7057	-9.19236	0.306452	0.639344	-8.5337	-0.0236	-0.0664	3.36836	2.86848
337	Johnson, Anthony	ORL	4.7500	8	8	17	12	212.5	150	62.5	3	2	1	1	0.75	0.333333	672.2500	1212	1209	1335	1219	110.148	100.827	9.3214	219	215	457	421	0.3422	0.6801	62.5	0.75	0.333333	53.1786	0.4078	-0.3468	-3.58072	5.22386
356	Webster, Martell	POR	151.8667	280	282	298	334	106.429	118.44	-12.0111	67	60	90	100	0.401198	0.6	136.1333	244	241	260	286	106.557	118.672	-12.1148	36	45	80	96	0.2727	0.64	-12.0111	0.401198	0.6	0.1037	0.1285	-0.04	0.125461	3.12707
362	Frye, Channing	PHX	431.1333	799	811	963	898	120.526	110.727	9.79816	149	160	288	276	0.350588	0.642857	333.4333	641	639	740	730	115.445	114.241	1.2036	121	105	219	208	0.3678	0.6759	9.79816	0.350588	0.642857	8.5946	-0.0172	-0.033	-0.3199	2.71695
366	Bogans, Keith	SAS	55.0833	105	107	90	100	85.7143	93.4579	-7.74366	16	24	42	42	0.275862	0.636364	424.9167	806	803	871	895	108.064	111.457	-3.3925	143	130	286	294	0.3272	0.6875	-7.74366	0.275862	0.636364	-4.3512	-0.0513	-0.0511	-5.27716	2.72285
383	Smith, Joe	ATL	23.6500	44	45	40	47	90.9091	104.444	-13.5354	11	5	17	14	0.44	0.772727	504.3500	902	900	944	1012	104.656	112.444	-7.7881	183	179	309	338	0.3512	0.6332	-13.5354	0.44	0.772727	-5.7473	0.0888	0.1395	-1.57353	3.72912
389	Pargo, Jannero	CHI	7.5000	15	15	13	10	86.6667	66.6667	20	1	2	6	8	0.111111	0.75	232.5000	451	450	472	521	104.656	115.778	-11.1215	83	64	159	172	0.3255	0.713	20	0.111111	0.75	31.1215	-0.2144	0.037	-5.9597	3.96306
426	Miles, C.J.	UTA	336.5000	659	658	723	759	109.712	115.35	-5.63786	116	128	212	232	0.333333	0.623529	143.5000	285	291	348	334	122.105	114.777	7.3286	62	48	93	86	0.4189	0.6596	-5.63786	0.333333	0.623529	-12.9665	-0.0856	-0.0361	-4.81173	2.98918
430	Powell, Josh	LAL	39.7833	82	80	72	87	87.8049	108.75	-20.9451	15	23	27	31	0.326087	0.54	1060.7833	1982	1977	2241	2139	113.068	108.194	4.8734	398	373	720	677	0.3702	0.6587	-20.9451	0.326087	0.54	-25.8185	-0.0441	-0.1187	-15.0966	4.67597
433	Randolph, Shavlik	MIA	0.0000	0	0	0	0	NULL	NULL	NULL	0	0	0	0	NULL	NULL	240.0000	452	452	438	479	96.9027	105.973	-9.0708	73	66	153	165	0.306723	0.69863	NULL	NULL	NULL	NULL	NULL	NULL	NULL	NULL
439	Mbenga, DJ	LAL	12.2000	23	24	22	19	95.6522	79.1667	16.4855	5	6	10	9	0.357143	0.625	1088.3667	2041	2033	2291	2207	112.249	108.559	3.6901	408	390	737	699	0.3686	0.6539	16.4855	0.357143	0.625	12.7954	-0.0115	-0.0289	NULL	NULL
459	Walton, Luke	LAL	96.1500	171	172	182	167	106.433	97.093	9.33973	39	37	66	63	0.382353	0.640777	1004.4167	1893	1885	2131	2059	112.573	109.231	3.3419	374	359	681	645	0.367	0.6548	9.33973	0.382353	0.640777	5.9978	0.0154	-0.014	3.32371	3.893
470	Diener, Travis	POR	7.3333	14	14	14	17	100	121.429	-21.4286	4	3	5	6	0.4	0.625	280.6667	510	509	544	603	106.667	118.468	-11.8009	99	102	165	190	0.3426	0.618	-21.4286	0.4	0.625	-9.6277	0.0574	0.007	NULL	NULL
477	Graham, Stephen	CHA	4.5333	9	9	7	8	77.7778	88.8889	-11.1111	2	2	3	5	0.285714	0.6	187.4667	332	332	335	371	100.904	111.747	-10.8434	61	62	121	114	0.3486	0.6612	-11.1111	0.285714	0.6	-0.2677	-0.0629	-0.0612	-0.595152	3.51869
486	Hill, Grant	PHX	448.2333	849	851	1029	980	121.201	115.159	6.04278	147	150	303	274	0.349169	0.668874	316.3333	591	599	674	648	114.044	108.18	5.8637	123	115	204	210	0.3694	0.6395	6.04278	0.349169	0.668874	0.1791	-0.0202	0.0294	-2.2809	2.88901
492	Stackhouse, Jerry	MIL	144.4667	271	273	275	269	101.476	98.5348	2.94122	45	69	95	100	0.310345	0.579268	191.5333	331	331	355	387	107.251	116.918	-9.6677	72	57	113	125	0.3655	0.6647	2.94122	0.310345	0.579268	12.6089	-0.0552	-0.0854	-4.10388	3.70104
501	Allen, Tony	BOS	391.4167	713	736	714	726	100.14	98.6413	1.49895	115	132	253	264	0.30343	0.657143	765.5833	1435	1412	1539	1461	107.247	103.47	3.7771	248	257	520	501	0.3311	0.6692	1.49895	0.30343	0.657143	-2.2782	-0.0277	-0.0121	0.265265	3.15513
505	Varejao, Anderson	CLE	255.2667	486	482	534	506	109.877	104.979	4.89729	77	102	171	174	0.306773	0.626374	272.7333	534	543	568	582	106.367	107.182	-0.8153	81	83	204	184	0.3057	0.7108	4.89729	0.306773	0.626374	5.7126	0.0011	-0.0844	5.5442	2.94468
517	Jones, Dwayne	PHX	9.6167	22	20	18	19	81.8182	95	-13.1818	6	5	9	7	0.461538	0.642857	754.9500	1418	1430	1685	1609	118.829	112.518	6.3119	264	260	498	477	0.3563	0.657	-13.1818	0.461538	0.642857	-19.4937	0.1052	-0.0141	NULL	NULL
518	Boozer, Carlos	UTA	401.6167	786	786	901	934	114.631	118.83	-4.19847	143	147	246	264	0.351351	0.625954	78.3833	158	163	170	159	107.595	97.546	10.0489	35	29	59	54	0.3933	0.6705	-4.19847	0.351351	0.625954	-14.2474	-0.0419	-0.0445	-1.81602	3.33132
537	Stoudemire, Amare	PHX	580.6333	1097	1096	1313	1267	119.69	115.602	4.08787	185	205	380	357	0.341328	0.649573	183.9333	343	354	390	361	113.703	101.977	11.7252	85	60	127	127	0.4009	0.6791	4.08787	0.341328	0.649573	-7.6373	-0.0596	-0.0295	-9.32504	3.43911
551	Williams, Shelden	BOS	57.0667	111	106	97	91	87.3874	85.8491	1.53833	17	15	46	48	0.261538	0.754098	1099.9333	2037	2042	2156	2096	105.842	102.645	3.1975	346	374	727	717	0.3255	0.6603	1.53833	0.261538	0.754098	-1.6592	-0.064	0.0938	0.202179	4.10027
552	Powe, Leon	CLE	8.7000	17	17	12	22	70.5882	129.412	-58.8235	4	3	5	7	0.363636	0.625	519.3000	1003	1008	1090	1066	108.674	105.754	2.92	154	182	370	351	0.305	0.6703	-58.8235	0.363636	0.625	-61.7435	0.0586	-0.0453	NULL	NULL
553	Rondo, Rajon	BOS	974.8167	1834	1826	1930	1851	105.234	101.369	3.86535	312	341	660	643	0.326702	0.659341	182.1833	314	322	323	336	102.866	104.348	-1.4816	51	48	113	122	0.2948	0.7019	3.86535	0.326702	0.659341	5.3469	0.0319	-0.0426	0.323744	3.57924
555	Morrison, Adam	LAL	13.0500	25	24	23	24	92	100	-8	6	1	14	12	0.333333	0.933333	1087.5167	2039	2033	2290	2202	112.31	108.313	3.9971	407	395	733	696	0.369	0.6498	-8	0.333333	0.933333	-11.9971	-0.0357	0.2835	NULL	NULL
558	Sefolosha, Thabo	OKC	126.9833	241	242	228	252	94.6058	104.132	-9.52642	46	55	82	103	0.308725	0.59854	161.0167	304	303	335	321	110.197	105.941	4.2568	56	55	117	108	0.3415	0.6802	-9.52642	0.308725	0.59854	-13.7832	-0.0328	-0.0817	-3.36826	3.10379
559	Thomas, Tyrus	CHA	67.6667	116	122	126	128	108.621	104.918	3.70266	25	21	44	38	0.396825	0.676923	124.3333	225	219	216	251	96	114.612	-18.6119	38	43	80	81	0.3193	0.6504	3.70266	0.396825	0.676923	22.3146	0.0775	0.0265	-2.42205	2.72068
560	Brown, Shannon	LAL	324.1333	614	607	645	678	105.049	111.697	-6.64801	120	112	218	210	0.363636	0.660606	776.4333	1450	1450	1668	1548	115.035	106.759	8.2759	293	284	529	498	0.3704	0.6507	-6.64801	0.363636	0.660606	-14.9239	-0.0068	0.0099	-5.93141	2.93079
561	Gibson, Daniel	CLE	22.7333	42	43	36	54	85.7143	125.581	-39.8671	7	8	13	17	0.291667	0.619048	505.2667	978	982	1066	1034	108.998	105.295	3.7026	151	177	362	341	0.3069	0.6716	-39.8671	0.291667	0.619048	-43.5697	-0.0152	-0.0526	-2.99294	3.08369
563	Barea, Jose	DAL	104.5333	200	198	207	212	103.5	107.071	-3.57071	32	33	71	71	0.31068	0.682692	183.4667	334	333	350	348	104.79	104.505	0.2859	62	63	128	125	0.3316	0.6702	-3.57071	0.31068	0.682692	-3.8566	-0.0209	0.0125	-3.16631	2.78831
565	Diawara, Yakhouba	MIA	0.0000	0	0	0	0	NULL	NULL	NULL	0	0	0	0	NULL	NULL	240.0000	452	452	438	479	96.9027	105.973	-9.0708	73	66	153	165	0.306723	0.69863	NULL	NULL	NULL	NULL	NULL	NULL	NULL	NULL
575	Farmar, Jordan	LAL	300.8333	559	549	587	569	105.009	103.643	1.36596	111	112	205	202	0.354633	0.646688	799.7333	1505	1508	1726	1657	114.684	109.881	4.8037	302	284	542	506	0.3738	0.6562	1.36596	0.354633	0.646688	-3.4377	-0.0192	-0.0095	-1.91954	3.89014
597	Balkman, Renaldo	DEN	0.0000	0	0	0	0	NULL	NULL	NULL	0	0	0	0	NULL	NULL	288.0000	581	576	656	663	112.909	115.104	-2.19539	105	99	186	188	0.358362	0.652632	NULL	NULL	NULL	NULL	NULL	NULL	NULL	NULL
599	Redick, J.J.	ORL	268.8667	487	474	519	466	106.571	98.3122	8.25861	94	96	181	170	0.356061	0.65343	408.1333	733	743	833	765	113.643	102.961	10.6816	128	121	277	252	0.3368	0.696	8.25861	0.356061	0.65343	-2.423	0.0193	-0.0426	-6.28882	3.26515
606	Roy, Brandon	POR	82.9167	151	149	140	175	92.7152	117.45	-24.7344	26	29	44	66	0.282609	0.60274	205.0833	373	374	418	445	112.064	118.984	-6.9196	77	76	126	130	0.372	0.6238	-24.7344	0.282609	0.60274	-17.8148	-0.0894	-0.0211	-3.76361	3.01651
607	Aldridge, LaMarcus	POR	228.9333	404	404	432	471	106.931	116.584	-9.65347	84	74	137	154	0.352941	0.649289	59.0667	120	119	126	149	105	125.21	-20.2101	19	31	33	42	0.3115	0.5156	-9.65347	0.352941	0.649289	10.5566	0.0414	0.1337	3.60679	3.2636
614	Parker, Anthony	CLE	330.8667	651	654	696	699	106.912	106.881	0.0317084	98	110	238	228	0.300613	0.683908	197.1333	369	371	406	389	110.027	104.852	5.1753	60	75	137	130	0.3158	0.6462	0.0317084	0.300613	0.683908	-5.1436	-0.0152	0.0377	-1.06372	2.69405
622	Mason, Roger	SAS	60.9000	124	122	116	126	93.5484	103.279	-9.7303	16	19	47	50	0.242424	0.712121	419.1000	787	788	845	869	107.37	110.279	-2.9094	143	135	281	286	0.3333	0.6755	-9.7303	0.242424	0.712121	-6.8209	-0.0909	0.0366	-4.91617	2.63297
629	Millsap, Paul	UTA	323.3833	634	640	724	752	114.196	117.5	-3.30442	120	126	199	219	0.353982	0.612308	156.6167	310	309	347	341	111.936	110.356	1.5795	58	50	106	99	0.3694	0.6795	-3.30442	0.353982	0.612308	-4.8839	-0.0154	-0.0672	2.1514	3.19026
653	Amundson, Louis	PHX	193.5333	359	368	394	388	109.749	105.435	4.31452	91	72	130	132	0.408072	0.643564	571.0333	1081	1082	1309	1240	121.092	114.603	6.489	179	193	377	352	0.3371	0.6614	4.31452	0.408072	0.643564	-2.1745	0.071	-0.0178	-7.55459	3.54943
655	Morris, Randolph	ATL	10.0167	18	19	26	17	144.444	89.4737	54.9708	6	7	10	5	0.545455	0.588235	517.9833	928	926	958	1042	103.233	112.527	-9.2942	188	177	316	347	0.3514	0.641	54.9708	0.545455	0.588235	64.265	0.1941	-0.0528	NULL	NULL
660	Mahinmi, Ian	SAS	18.5833	38	39	28	33	73.6842	84.6154	-10.9312	7	5	17	17	0.291667	0.772727	461.4167	873	871	933	962	106.873	110.448	-3.5749	152	149	311	319	0.3227	0.6761	-10.9312	0.291667	0.772727	-7.3563	-0.031	0.0966	NULL	NULL
661	Oden, Greg	POR	0.0000	0	0	0	0	NULL	NULL	NULL	0	0	0	0	NULL	NULL	288.0000	524	523	558	620	106.489	118.547	-12.0583	103	105	170	196	0.344482	0.618182	NULL	NULL	NULL	NULL	NULL	NULL	4.95158	4.60281
669	Fesenko, Kyrylo	UTA	180.9833	355	358	395	379	111.268	105.866	5.40168	70	59	125	115	0.378378	0.679348	299.0167	589	591	676	714	114.771	120.812	-6.0414	108	117	180	203	0.3473	0.6061	5.40168	0.378378	0.679348	11.4431	0.0311	0.0732	8.16819	4.33634
675	Davis, Glen	BOS	482.6000	876	888	908	909	103.653	102.365	1.2881	143	145	313	308	0.317073	0.683406	674.4000	1272	1260	1345	1278	105.739	101.429	4.3104	220	244	460	457	0.325	0.6534	1.2881	0.317073	0.683406	-3.0223	-0.0079	0.03	-4.24077	3.33839
682	Moon, Jamario	CLE	113.1000	208	222	225	235	108.173	105.856	2.31722	36	38	79	79	0.313043	0.675214	414.9000	812	803	877	853	108.005	106.227	1.7783	122	147	296	279	0.3042	0.6682	2.31722	0.313043	0.675214	0.5389	0.0088	0.007	-2.22116	2.78124
686	Noah, Joakim	CHI	188.1833	369	369	390	423	105.691	114.634	-8.94309	72	50	128	140	0.339623	0.719101	51.8167	97	96	95	108	97.9381	112.5	-14.5619	12	16	37	40	0.2308	0.6981	-8.94309	0.339623	0.719101	5.6188	0.1088	0.021	-3.19415	3.10003
689	Afflalo, Arron	DEN	120.3000	244	245	286	291	117.213	118.776	-1.5624	30	32	74	76	0.283019	0.698113	167.7000	337	331	370	372	109.792	112.387	-2.5944	75	67	112	112	0.4011	0.6257	-1.5624	0.283019	0.698113	1.032	-0.1181	0.0724	-3.92476	2.60835
695	Horford, Al	ATL	388.3667	687	678	738	739	107.424	108.997	-1.57347	135	127	248	264	0.338346	0.661333	139.6333	259	267	246	320	94.9807	119.85	-24.8695	59	57	78	88	0.4014	0.5778	-1.57347	0.338346	0.661333	23.296	-0.0631	0.0835	6.02096	4.05138
696	Law, Acie	CHI	0.0000	0	0	0	0	NULL	NULL	NULL	0	0	0	0	NULL	NULL	240.0000	466	465	485	531	104.077	114.194	-10.1163	84	66	165	180	0.318182	0.714286	NULL	NULL	NULL	NULL	NULL	NULL	NULL	NULL
697	West, Mario	ATL	20.3500	41	44	49	54	119.512	122.727	-3.21508	6	8	12	9	0.4	0.6	507.6500	905	901	935	1005	103.315	111.543	-8.2278	188	176	314	343	0.354	0.6408	-3.21508	0.4	0.6	5.0127	0.046	-0.0408	NULL	NULL
699	Dudley, Jared	PHX	376.7667	708	717	862	771	121.751	107.531	14.22	142	129	248	235	0.376658	0.657825	387.8000	732	733	841	857	114.891	116.917	-2.0261	128	136	259	249	0.3395	0.6557	14.22	0.376658	0.657825	16.2461	0.0372	0.0021	4.77513	3.00103
700	Anthony, Joel	MIA	78.5833	147	148	173	167	117.687	112.838	4.84924	23	25	51	40	0.365079	0.671053	161.4167	305	304	265	312	86.8852	102.632	-15.7463	50	41	102	125	0.2857	0.7133	4.84924	0.365079	0.671053	20.5955	0.0794	-0.0422	-7.62212	3.41354
701	Cook, Daequan	MIA	0.0000	0	0	0	0	NULL	NULL	NULL	0	0	0	0	NULL	NULL	240.0000	452	452	438	479	96.9027	105.973	-9.0708	73	66	153	165	0.306723	0.69863	NULL	NULL	NULL	NULL	NULL	NULL	-1.50126	3.46224
702	Gortat, Marcin	ORL	212.2333	386	384	425	386	110.104	100.521	9.58279	66	68	140	137	0.325123	0.673077	464.7667	834	833	927	845	111.151	101.441	9.7105	156	149	318	285	0.3537	0.6809	9.58279	0.325123	0.673077	-0.1277	-0.0286	-0.0078	4.69263	4.73686
713	Richard, Chris	CHI	5.0333	11	10	12	8	109.091	80	29.0909	1	1	5	6	0.142857	0.833333	234.9667	455	455	473	523	103.956	114.945	-10.989	83	65	160	174	0.323	0.7111	29.0909	0.142857	0.833333	40.0799	-0.1801	0.1222	NULL	NULL
714	Durant, Kevin	OKC	231.1667	446	444	464	464	104.036	104.505	-0.46863	89	87	159	169	0.344961	0.646341	56.8333	99	101	99	109	100	107.921	-7.9208	13	23	40	42	0.2364	0.6349	-0.46863	0.344961	0.646341	7.4522	0.1086	0.0114	10.0742	3.48257
715	Green, Jeff	OKC	223.6167	421	420	421	452	100	107.619	-7.61905	84	87	147	169	0.332016	0.628205	64.3833	124	125	142	121	114.516	96.8	17.7161	18	23	52	42	0.3	0.6933	-7.61905	0.332016	0.628205	-25.3351	0.032	-0.0651	-11.7439	3.05214
734	Fernandez, Rudy	POR	119.1167	218	215	236	267	108.257	124.186	-15.9292	39	42	68	78	0.333333	0.618182	168.8833	306	308	322	353	105.229	114.61	-9.3816	64	63	102	118	0.3516	0.6182	-15.9292	0.333333	0.618182	-6.5476	-0.0183	0	-5.96363	2.9519
735	Bayless, Jerryd	POR	165.8000	302	305	314	349	103.974	114.426	-10.4527	59	69	103	115	0.33908	0.598837	122.2000	222	218	244	271	109.91	124.312	-14.402	44	36	67	81	0.352	0.6505	-10.4527	0.33908	0.598837	3.9493	-0.0129	-0.0517	-3.65622	3.13831
736	Batum, Nicolas	POR	138.7000	250	250	279	293	111.6	117.2	-5.6	45	49	87	95	0.321429	0.639706	149.3000	274	273	279	327	101.825	119.78	-17.9554	58	56	83	101	0.3648	0.5971	-5.6	0.321429	0.639706	12.3554	-0.0434	0.0426	1.58899	3.53144
748	Koufos, Kosta	UTA	30.6500	61	62	63	55	103.279	88.7097	14.569	14	11	27	22	0.388889	0.710526	449.3500	883	887	1008	1038	114.156	117.024	-2.8674	164	165	278	296	0.3565	0.6275	14.569	0.388889	0.710526	17.4364	0.0324	0.083	NULL	NULL
753	Ajinca, Alexis	CHA	0.0000	0	0	0	0	NULL	NULL	NULL	0	0	0	0	NULL	NULL	192.0000	341	341	342	379	100.293	111.144	-10.8504	63	64	124	119	0.346154	0.659574	NULL	NULL	NULL	NULL	NULL	NULL	NULL	NULL
754	Augustin, D.J.	CHA	72.7000	124	122	126	116	101.613	95.082	6.53094	27	20	50	43	0.385714	0.714286	119.3000	217	219	216	263	99.5392	120.091	-20.5522	36	44	74	76	0.3214	0.6271	6.53094	0.385714	0.714286	27.0831	0.0643	0.0872	-3.28316	3.10509
755	Rose, Derrick	CHI	212.4667	416	416	435	489	104.567	117.548	-12.9808	76	57	144	158	0.324786	0.716418	27.5333	50	49	50	42	100	85.7143	14.2857	8	9	21	22	0.2667	0.7	-12.9808	0.324786	0.716418	-27.2665	0.0581	0.0164	-4.65698	3.23148
756	Hickson, J.J.	CLE	79.0333	150	159	147	174	98	109.434	-11.434	19	27	49	55	0.256757	0.644737	448.9667	870	866	955	914	109.77	105.543	4.2274	139	158	326	303	0.3145	0.6736	-11.434	0.256757	0.644737	-15.6614	-0.0577	-0.0289	-10.6015	3.07762
758	Williams, Jawad	CLE	4.1333	8	8	2	5	25	62.5	-37.5	1	1	4	5	0.166667	0.8	523.8667	1012	1017	1100	1083	108.696	106.49	2.206	157	184	371	353	0.3078	0.6685	-37.5	0.166667	0.8	-39.706	-0.1411	0.1315	-10.6378	3.92291
772	Beasley, Michael	MIA	135.0333	256	257	245	267	95.7031	103.891	-8.18793	40	32	91	96	0.294118	0.739837	104.9667	196	195	193	212	98.4694	108.718	-10.2486	33	34	62	69	0.3235	0.6458	-8.18793	0.294118	0.739837	2.0607	-0.0294	0.094	-10.0909	2.98858
773	Chalmers, Mario	MIA	130.5167	245	244	237	246	96.7347	100.82	-4.08498	42	40	88	87	0.325581	0.6875	109.4833	207	208	201	233	97.1014	112.019	-14.9178	31	26	65	78	0.2844	0.7143	-4.08498	0.325581	0.6875	10.8328	0.0412	-0.0268	-4.77921	3.23597
776	Alexander, Joe	CHI	0.0000	0	0	0	0	NULL	NULL	NULL	0	0	0	0	NULL	NULL	240.0000	466	465	485	531	104.077	114.194	-10.1163	84	66	165	180	0.318182	0.714286	NULL	NULL	NULL	NULL	NULL	NULL	NULL	NULL
777	Mbah a Moute, Luc	MIL	178.4000	308	310	318	332	103.247	107.097	-3.85002	61	62	111	116	0.344633	0.641618	157.6000	294	294	312	324	106.122	110.204	-4.0816	56	64	97	109	0.3394	0.6025	-3.85002	0.344633	0.641618	0.2316	0.0052	0.0391	-3.91302	2.74252
779	Anderson, Ryan	ORL	88.9167	156	163	151	178	96.7949	109.202	-12.4076	37	30	63	56	0.397849	0.677419	588.0833	1064	1054	1201	1053	112.876	99.9051	12.9708	185	187	395	366	0.3358	0.6787	-12.4076	0.397849	0.677419	-25.3784	0.062	-0.0013	-2.10219	3.59099
785	Weaver, Kyle	OKC	12.0000	22	22	27	23	122.727	104.545	18.1818	2	3	12	9	0.181818	0.8	276.0000	523	523	536	550	102.486	105.162	-2.6769	100	107	187	202	0.3311	0.6361	18.1818	0.181818	0.8	20.8587	-0.1493	0.1639	NULL	NULL
786	Westbrook, Russell	OKC	212.3333	401	402	419	431	104.489	107.214	-2.72515	81	79	145	153	0.346154	0.647321	75.6667	144	143	144	142	100	99.3007	0.6993	21	31	54	58	0.2658	0.6353	-2.72515	0.346154	0.647321	-3.4245	0.0804	0.012	2.55642	3.78859
787	White, D.J.	OKC	0.0000	0	0	0	0	NULL	NULL	NULL	0	0	0	0	NULL	NULL	288.0000	545	545	563	573	103.303	105.138	-1.83486	102	110	199	211	0.325879	0.644013	NULL	NULL	NULL	NULL	NULL	NULL	NULL	NULL
790	Dragic, Goran	PHX	236.8667	429	439	489	480	113.986	109.339	4.64661	98	85	144	156	0.385827	0.628821	527.7000	1011	1011	1214	1148	120.079	113.551	6.5282	172	180	363	328	0.344	0.6685	4.64661	0.385827	0.628821	-1.8816	0.0418	-0.0397	0.75466	4.23597
791	Lopez, Robin	PHX	103.5500	199	200	244	246	122.613	123	-0.386935	42	36	59	65	0.392523	0.621053	661.0167	1241	1250	1459	1382	117.566	110.56	7.0065	228	229	448	419	0.3524	0.6617	-0.386935	0.392523	0.621053	-7.3934	0.0401	-0.0406	-6.01394	3.36004
793	Hill, George	SAS	344.4167	655	653	683	730	104.275	111.792	-7.51692	116	107	222	243	0.32312	0.674772	135.5833	256	257	278	265	108.594	103.113	5.4809	43	47	106	93	0.3162	0.6928	-7.51692	0.32312	0.674772	-12.9978	0.0069	-0.018	-4.58718	2.65764
802	Hairston, Malik	SAS	0.0000	0	0	0	0	NULL	NULL	NULL	0	0	0	0	NULL	NULL	480.0000	911	910	961	995	105.488	109.341	-3.85219	159	154	328	336	0.321212	0.680498	NULL	NULL	NULL	NULL	NULL	NULL	NULL	NULL
806	Teague, Jeff	ATL	58.4833	108	110	108	140	100	127.273	-27.2727	18	28	27	43	0.295082	0.490909	469.5167	838	835	876	919	104.535	110.06	-5.5253	176	156	299	309	0.3629	0.6571	-27.2727	0.295082	0.490909	-21.7474	-0.0678	-0.1662	-7.25723	4.26382
808	Brown, Derrick	CHA	0.9000	2	2	2	3	100	150	-50	0	0	1	1	0	1	191.1000	339	339	340	376	100.295	110.914	-10.6195	63	64	123	118	0.3481	0.6578	-50	0	1	-39.3805	-0.3481	0.3422	NULL	NULL
809	Henderson, Gerald	CHA	0.0000	0	0	0	0	NULL	NULL	NULL	0	0	0	0	NULL	NULL	192.0000	341	341	342	379	100.293	111.144	-10.8504	63	64	124	119	0.346154	0.659574	NULL	NULL	NULL	NULL	NULL	NULL	NULL	NULL
811	Gibson, Taj	CHI	144.6167	276	279	277	293	100.362	105.018	-4.6556	48	42	105	106	0.311688	0.714286	95.3833	190	186	208	238	109.474	127.957	-18.4833	36	24	60	74	0.3273	0.7143	-4.6556	0.311688	0.714286	13.8277	-0.0156	0	1.27306	2.96177
812	Johnson, James	CHI	19.9000	39	37	35	41	89.7436	110.811	-21.0672	7	5	13	20	0.259259	0.722222	220.1000	427	428	450	490	105.386	114.486	-9.0996	77	61	152	160	0.3249	0.7136	-21.0672	0.259259	0.722222	-11.9676	-0.0656	0.0086	-7.8441	4.0715
813	Green, Danny	CLE	0.0000	0	0	0	0	NULL	NULL	NULL	0	0	0	0	NULL	NULL	528.0000	1020	1025	1102	1088	108.039	106.146	1.89287	158	185	375	358	0.306202	0.669643	NULL	NULL	NULL	NULL	NULL	NULL	NULL	NULL
814	Beaubois, Rodrigue	DAL	30.9333	60	59	70	60	116.667	101.695	14.9718	13	13	25	19	0.40625	0.657895	257.0667	474	472	487	500	102.743	105.932	-3.1896	81	83	174	177	0.314	0.677	14.9718	0.40625	0.657895	18.1614	0.0923	-0.0191	0.469102	3.86277
816	Lawson, Ty	DEN	117.7667	235	227	280	258	119.149	113.656	5.49255	49	43	75	73	0.401639	0.635593	170.2333	346	349	376	405	108.671	116.046	-7.3753	56	56	111	115	0.3275	0.6647	5.49255	0.401639	0.635593	12.8678	0.0741	-0.0291	-3.09409	3.42407
835	Ilyasova, Ersan	MIL	156.4833	289	291	297	321	102.768	110.309	-7.54111	57	63	98	112	0.337278	0.608696	179.5167	313	313	333	335	106.39	107.029	-0.639	60	63	110	113	0.3468	0.6358	-7.54111	0.337278	0.608696	-6.9021	-0.0095	-0.0271	-0.475052	3.03354
836	Jennings, Brandon	MIL	249.3500	440	440	474	488	107.727	110.909	-3.18182	89	84	153	167	0.347656	0.64557	86.6500	162	164	156	168	96.2963	102.439	-6.1427	28	42	55	58	0.3256	0.567	-3.18182	0.347656	0.64557	2.9609	0.0221	0.0786	-1.98515	3.54191
846	Harden, James	OKC	120.0333	224	225	251	247	112.054	109.778	2.27579	38	42	87	79	0.324786	0.674419	167.9667	321	320	312	326	97.1963	101.875	-4.6787	64	68	112	132	0.3265	0.6222	2.27579	0.324786	0.674419	6.9545	-0.0017	0.0522	-1.25907	3.28356
847	Ibaka, Serge	OKC	152.6167	288	290	320	289	111.111	99.6552	11.4559	54	58	111	97	0.357616	0.656805	135.3833	257	255	243	284	94.5525	111.372	-16.82	48	52	88	114	0.2963	0.6286	11.4559	0.357616	0.656805	28.2759	0.0613	0.0282	-1.95871	3.50379
848	Mullens, Byron	OKC	4.2333	8	8	3	7	37.5	87.5	-50	0	3	3	6	0	0.5	283.7667	537	537	560	566	104.283	105.4	-1.1173	102	107	196	205	0.3322	0.6469	-50	0	0.5	-48.8827	-0.3322	-0.1469	NULL	NULL
850	Clark, Earl	PHX	12.7333	28	25	20	22	71.4286	88	-16.5714	8	5	12	9	0.470588	0.705882	751.8333	1412	1425	1683	1606	119.193	112.702	6.4909	262	260	495	475	0.3555	0.6556	-16.5714	0.470588	0.705882	-23.0623	0.1151	0.0503	NULL	NULL
851	Griffin, Taylor	PHX	0.0000	0	0	0	0	NULL	NULL	NULL	0	0	0	0	NULL	NULL	764.5667	1440	1450	1703	1628	118.264	112.276	5.98803	270	265	507	484	0.35809	0.656736	NULL	NULL	NULL	NULL	NULL	NULL	NULL	NULL
852	Cunningham, Dante	POR	42.0167	87	85	84	98	96.5517	115.294	-18.7424	17	17	29	31	0.354167	0.630435	245.9833	437	438	474	522	108.467	119.178	-10.7113	86	88	141	165	0.3426	0.6157	-18.7424	0.354167	0.630435	-8.0311	0.0116	0.0147	1.93087	4.35994
853	Mills, Patrick	POR	12.3667	24	26	28	27	116.667	103.846	12.8205	8	6	8	8	0.5	0.571429	275.6333	500	497	530	593	106	119.316	-13.3159	95	99	162	188	0.3357	0.6207	12.8205	0.5	0.571429	26.1364	0.1643	-0.0493	NULL	NULL
854	Pendergraph, Jeff	POR	16.5667	32	34	35	33	109.375	97.0588	12.3162	6	9	11	13	0.315789	0.55	271.4333	492	489	523	587	106.301	120.041	-13.7401	97	96	159	183	0.3464	0.6235	12.3162	0.315789	0.55	26.0563	-0.0306	-0.0735	NULL	NULL
858	Blair, DeJuan	SAS	91.2500	178	178	169	191	94.9438	107.303	-12.3596	44	35	56	66	0.4	0.615385	388.7500	733	732	792	804	108.049	109.836	-1.787	115	119	272	270	0.2987	0.6957	-12.3596	0.4	0.615385	-10.5726	0.1013	-0.0803	-0.793241	3.40986
861	Matthews, Wes	UTA	371.4000	738	735	846	853	114.634	116.054	-1.42028	141	139	237	244	0.366234	0.630319	108.6000	206	214	225	240	109.223	112.149	-2.9262	37	37	68	74	0.3333	0.6476	-1.42028	0.366234	0.630319	1.5059	0.0329	-0.0173	-5.34878	3.16788
862	Maynor, Eric	OKC	76.1667	145	144	144	144	99.3103	100	-0.689655	21	32	54	59	0.2625	0.627907	211.8333	400	401	419	429	104.75	106.982	-2.2325	81	78	145	152	0.3476	0.6502	-0.689655	0.2625	0.627907	1.5428	-0.0851	-0.0223	-2.06139	3.66491
865	Gaines, Sundiata	UTA	7.3500	15	15	17	10	113.333	66.6667	46.6667	7	1	8	5	0.583333	0.888889	472.6500	929	934	1054	1083	113.455	115.953	-2.4976	171	175	297	313	0.3533	0.6292	46.6667	0.583333	0.888889	49.1643	0.23	0.2597	NULL	NULL
868	Temple, Garrett	SAS	15.3167	33	33	24	27	72.7273	81.8182	-9.09091	6	4	15	12	0.333333	0.789474	464.6833	878	877	937	968	106.72	110.376	-3.6565	153	150	313	324	0.3208	0.676	-9.09091	0.333333	0.789474	-5.4344	0.0125	0.1135	NULL	NULL
871	Jeffers, Othyus	UTA	9.8500	20	21	27	19	135	90.4762	44.5238	11	2	8	5	0.6875	0.8	470.1500	924	928	1044	1074	112.987	115.733	-2.7457	167	174	297	313	0.3479	0.6306	44.5238	0.6875	0.8	47.2695	0.3396	0.1694	NULL	NULL
873	Lafayette, Oliver	BOS	0.0000	0	0	0	0	NULL	NULL	NULL	0	0	0	0	NULL	NULL	1157.0000	2148	2148	2253	2187	104.888	101.816	3.07263	363	389	773	765	0.321809	0.665232	NULL	NULL	NULL	NULL	NULL	NULL	NULL	NULL
