PlayerID	PlayerTrueName	Team	OnCourtPlusMinus	OnCourtPF	OnCourtPA	OnCourtPoss	OnCourtMin	OnCourtPlusMinusPer200	OffCourtPlusMinus	OffCourtPF	OffCourtPA	OffCourtPoss	OffCourtMin	OffCourtPlusMinusPer200	PlusMinusPer200OnCourtMinusOffCourt
1	Howard, Josh	DAL	483	5213	4730	9545	2455.5667	10.1205	109	2988	2879	5903	1495.4333	3.6930	6.4275
2	Thomas, Kurt	PHX	246	2695	2449	4915	1208.4000	10.0102	353	6342	5989	11456	2772.6000	6.1627	3.8475
3	Dampier, Erick	DAL	438	4021	3583	7355	1915.4167	11.9103	154	4180	4026	8093	2035.5833	3.8058	8.1045
4	Marion, Shawn	PHX	600	7011	6411	12433	3010.3667	9.6517	-1	2026	2027	3938	970.6333	-0.0508	9.7025
5	Nowitzki, Dirk	DAL	627	6076	5449	10963	2820.6000	11.4385	-35	2125	2160	4485	1130.4000	-1.5608	12.9993
6	Terry, Jason	DAL	566	6039	5473	11009	2846.2833	10.2825	26	2162	2136	4439	1104.7167	1.1714	9.1111
7	Bell, Raja	PHX	505	6658	6153	12021	2917.4000	8.4020	94	2379	2285	4350	1063.6000	4.3218	4.0802
8	Nash, Steve	PHX	609	6363	5754	11070	2682.4833	11.0027	-10	2674	2684	5301	1298.5167	-0.3773	11.3800
9	Christie, Doug	LAC	-34	141	175	321	81.9167	-21.1838	-4	7702	7706	15156	3864.0833	-0.0528	-21.1310
10	Jones, James	PHX	174	2940	2766	5563	1360.5333	6.2556	425	6097	5672	10808	2620.4667	7.8645	-1.6089
12	Diaw, Boris	PHX	205	5040	4835	9245	2267.3667	4.4348	394	3997	3603	7126	1713.6333	11.0581	-6.6233
14	Daniels, Marquis	IND	-76	1556	1632	3221	800.3333	-4.7190	-124	6284	6408	12644	3155.6667	-1.9614	-2.7576
15	Harris, Devin	DAL	567	4434	3867	8159	2081.2500	13.8988	25	3767	3742	7289	1869.7500	0.6860	13.2128
16	Barbosa, Leandro	PHX	463	6018	5555	10786	2613.4500	8.5852	136	3019	2883	5585	1367.5500	4.8702	3.7150
17	Diop, DeSagana	DAL	83	2913	2830	5789	1479.8000	2.8675	509	5288	4779	9659	2471.2000	10.5394	-7.6719
19	Armstrong, Darrell	IND	-57	2547	2604	5187	1271.7833	-2.1978	-143	5293	5436	10678	2684.2167	-2.6784	0.4806
20	House, Eddie	NJN	-70	1961	2031	3880	945.5000	-3.6082	7	6040	6033	11910	3030.5000	0.1175	-3.7257
21	Martin, Kenyon	DEN	-9	129	138	274	62.6000	-6.5693	142	8510	8368	16361	3893.4000	1.7358	-8.3051
22	Nesterovic, Rasho	TOR	102	3351	3249	6494	1676.4000	3.1414	-21	4808	4829	9348	2274.6000	-0.4493	3.5907
23	Camby, Marcus	DEN	116	5298	5182	10011	2371.2000	2.3175	17	3341	3324	6624	1584.8000	0.5133	1.8042
24	Ginobili, Manu	SAS	544	4368	3824	8164	2058.2333	13.3268	146	3710	3564	7236	1897.7667	4.0354	9.2914
25	Anthony, Carmelo	DEN	87	5567	5480	10436	2485.6333	1.6673	46	3072	3026	6199	1470.3667	1.4841	0.1832
26	Duncan, Tim	SAS	751	5694	4943	10512	2726.1667	14.2884	-61	2384	2445	4888	1229.8333	-2.4959	16.7843
28	Bowen, Bruce	SAS	590	5014	4424	9505	2464.1167	12.4145	100	3064	2964	5895	1491.8833	3.3927	9.0218
29	Finley, Michael	SAS	177	3697	3520	7099	1823.2000	4.9866	513	4381	3868	8301	2132.8000	12.3600	-7.3734
30	Parker, Tony	SAS	513	5161	4648	9713	2499.0500	10.5632	177	2917	2740	5687	1456.9500	6.2247	4.3385
31	Miller, Andre	DEN	25	1870	1845	3503	821.6333	1.4273	108	6769	6661	13132	3134.3667	1.6448	-0.2175
31	Miller, Andre	PHI	-41	4303	4344	8393	2144.5000	-0.9770	-207	3482	3689	7229	1831.5000	-5.7269	4.7499
32	Horry, Robert	SAS	193	2229	2036	4410	1123.9833	8.7528	497	5849	5352	10990	2832.0167	9.0446	-0.2918
33	Barry, Brent	SAS	220	3393	3173	6426	1631.1000	6.8472	470	4685	4215	8974	2324.9000	10.4747	-3.6275
34	Hilario, Nene	DEN	120	3713	3593	7118	1713.1333	3.3717	13	4926	4913	9517	2242.8667	0.2732	3.0985
35	Boykins, Earl	DEN	12	1891	1879	3771	877.1000	0.6364	121	6748	6627	12864	3078.9000	1.8812	-1.2448
35	Boykins, Earl	MIL	-268	2310	2578	4623	1154.0167	-11.5942	-91	5862	5953	11215	2816.9833	-1.6228	-9.9714
36	Najera, Eduardo	DEN	15	3636	3621	6966	1657.9667	0.4307	118	5003	4885	9669	2298.0333	2.4408	-2.0101
37	Oberto, Fabricio	SAS	200	2796	2596	5287	1365.4167	7.5657	490	5282	4792	10113	2590.5833	9.6905	-2.1248
39	Buckner, Greg	DAL	19	2746	2727	5433	1371.5167	0.6994	573	5455	4882	10015	2579.4833	11.4428	-10.7434
40	Mohammed, Nazr	DET	-34	1506	1540	2936	773.4500	-2.3161	375	6366	5991	12196	3202.5500	6.1496	-8.4657
41	Johnson, DerMarr	DEN	-53	815	868	1799	419.1833	-5.8922	186	7824	7638	14836	3536.8167	2.5074	-8.3996
42	Elson, Francisco	SAS	142	2650	2508	5178	1334.6000	5.4847	548	5428	4880	10222	2621.4000	10.7220	-5.2373
44	Webber, Chris	DET	109	2519	2410	4725	1276.8667	4.6138	232	5353	5121	10407	2699.1333	4.4585	0.1553
44	Webber, Chris	PHI	-6	1102	1108	2147	543.8833	-0.5589	-242	6683	6925	13475	3432.1167	-3.5918	3.0329
45	Redd, Michael	MIL	-1	4366	4367	8176	2036.1000	-0.0245	-358	3806	4164	7662	1934.9000	-9.3448	9.3203
46	Iverson, Allen	DEN	38	4576	4538	8888	2121.0333	0.8551	95	4063	3968	7747	1834.9667	2.4526	-1.5975
46	Iverson, Allen	PHI	-49	1314	1363	2618	640.3000	-3.7433	-199	6471	6670	13004	3335.7000	-3.0606	-0.6827
47	Ford, T.J.	TOR	33	4569	4536	8954	2234.9833	0.7371	48	3590	3542	6888	1716.0167	1.3937	-0.6566
49	Bogut, Andrew	MIL	-128	4637	4765	8956	2253.3167	-2.8584	-231	3535	3766	6882	1717.6833	-6.7132	3.8548
50	Hunter, Steven	PHI	-278	2962	3240	6256	1604.6667	-8.8875	30	4823	4793	9366	2371.3333	0.6406	-9.5281
51	Magloire, Jamaal	POR	-252	3159	3411	6435	1703.4333	-7.8322	-100	4558	4658	8844	2287.5667	-2.2614	-5.5708
52	Iguodala, Andre	PHI	-212	5996	6208	11988	3061.7167	-3.5369	-36	1789	1825	3634	914.2833	-1.9813	-1.5556
54	Korver, Kyle	PHI	-177	4508	4685	9132	2288.1833	-3.8765	-71	3277	3348	6490	1687.8167	-2.1880	-1.6885
55	Williams, Mo	MIL	-90	5194	5284	9876	2471.3333	-1.8226	-269	2978	3247	5962	1499.6667	-9.0238	7.2012
56	Gadzuric, Dan	MIL	-102	1700	1802	3339	840.2833	-6.1096	-257	6472	6729	12499	3130.7167	-4.1123	-1.9973
59	Salmons, John	MIL	-8	4	12	18	5.0000	-88.8889	-351	8168	8519	15820	3966.0000	-4.4374	-84.4515
59	Salmons, John	SAC	-186	4389	4575	8706	2134.3333	-4.2729	42	3914	3872	7501	1826.6667	1.1199	-5.3928
60	Bell, Charlie	MIL	-252	5842	6094	11335	2847.9167	-4.4464	-107	2330	2437	4503	1123.0833	-4.7524	0.3060
61	Ollie, Kevin	PHI	-172	1672	1844	3513	919.0333	-9.7922	-76	6113	6189	12109	3056.9667	-1.2553	-8.5369
62	Wells, Bonzi	HOU	7	1075	1068	2257	590.1500	0.6203	391	6878	6487	13432	3380.8500	5.8219	-5.2016
63	Smith, J.R.	DEN	103	3289	3186	6203	1471.2333	3.3210	30	5350	5320	10432	2484.7667	0.5752	2.7458
64	Abdur-Rahim, Shareef	SAC	-185	4150	4335	8160	2014.7833	-4.5343	41	4153	4112	8047	1946.2167	1.0190	-5.5533
65	Miller, Brad	SAC	88	3823	3735	7321	1783.4500	2.4040	-232	4480	4712	8886	2177.5500	-5.2217	7.6257
66	Brown, Collier (P.J.)	CHI	196	2917	2721	5764	1453.0833	6.8008	215	5183	4968	10281	2502.9167	4.1825	2.6183
67	Stojakovic, Peja	NOK	11	866	855	1682	425.0833	1.3080	-140	6967	7107	13866	3550.9167	-2.0193	3.3273
68	Bibby, Mike	SAC	-35	5986	6021	11534	2784.0167	-0.6069	-109	2317	2426	4673	1176.9833	-4.6651	4.0582
69	West, David	NOK	32	3919	3887	7427	1899.7333	0.8617	-161	3914	4075	8121	2076.2667	-3.9650	4.8267
70	Paul, Chris	NOK	-47	4813	4860	9241	2352.8000	-1.0172	-82	3020	3102	6307	1623.2000	-2.6003	1.5831
71	Nachbar, Bostjan	NJN	-17	3069	3086	6179	1527.7500	-0.5503	-46	4932	4978	9611	2448.2500	-0.9572	0.4069
72	Claxton, Speedy	ATL	-115	1935	2050	4116	1054.1000	-5.5879	-273	5747	6020	11401	2921.9000	-4.7891	-0.7988
74	Thomas, Kenny	SAC	-179	2859	3038	5675	1411.8667	-6.3084	35	5444	5409	10532	2549.1333	0.6646	-6.9730
75	Hart, Jason	LAC	-19	1486	1505	2907	745.7500	-1.3072	-19	6357	6376	12570	3200.2500	-0.3023	-1.0049
75	Hart, Jason	SAC	-17	209	226	424	99.5167	-8.0189	-127	8094	8221	15783	3861.4833	-1.6093	-6.4096
76	Butler, Rasual	NOK	-92	4242	4334	8638	2222.8333	-2.1301	-37	3591	3628	6910	1753.1667	-1.0709	-1.0592
77	Martin, Kevin	SAC	-154	5999	6153	11621	2818.3667	-2.6504	10	2304	2294	4586	1142.6333	0.4361	-3.0865
78	Skinner, Brian	MIL	-119	3100	3219	5993	1522.9667	-3.9713	-240	5072	5312	9845	2448.0333	-4.8756	0.9043
79	Mason, Desmond	NOK	-156	5103	5259	10114	2575.2333	-3.0848	27	2730	2703	5434	1400.7667	0.9937	-4.0785
80	Garcia, Francisco	SAC	-25	2937	2962	5842	1409.1833	-0.8559	-119	5366	5485	10365	2551.8167	-2.2962	1.4403
82	Williamson, Corliss	SAC	62	2742	2680	5407	1337.3333	2.2933	-206	5561	5767	10800	2623.6667	-3.8148	6.1081
83	Bass, Brandon	NOK	-19	318	337	654	167.3667	-5.8104	-110	7515	7625	14894	3808.6333	-1.4771	-4.3333
85	Price, Ronnie	SAC	-54	1149	1203	2298	562.6500	-4.6997	-90	7154	7244	13909	3398.3500	-1.2941	-3.4056
86	Johnson, Joe	ATL	-180	4569	4749	9144	2359.6167	-3.9370	-208	3113	3321	6373	1616.3833	-6.5275	2.5905
87	Davis, Baron	GSW	239	5036	4797	9403	2221.0167	5.0835	-270	3697	3967	7477	1729.9833	-7.2221	12.3056
88	Pachulia, Zaza	ATL	-99	3880	3979	7814	2025.6833	-2.5339	-289	3802	4091	7703	1950.3167	-7.5036	4.9697
89	Murphy, Troy	GSW	-83	1397	1480	2786	667.2500	-5.9584	52	7336	7284	14094	3283.7500	0.7379	-6.6963
89	Murphy, Troy	IND	-128	2359	2487	4726	1184.8000	-5.4168	-72	5481	5553	11139	2771.2000	-1.2928	-4.1240
90	Richardson, Jason	GSW	101	3778	3677	7162	1675.0333	2.8204	-132	4955	5087	9718	2275.9667	-2.7166	5.5370
91	Childress, Josh	ATL	-105	3965	4070	7946	2023.9667	-2.6428	-283	3717	4000	7571	1952.0333	-7.4759	4.8331
92	Dunleavy, Mike	GSW	-18	2316	2334	4463	1051.0833	-0.8066	-13	6417	6430	12417	2899.9167	-0.2094	-0.5972
92	Dunleavy, Mike	IND	-64	3070	3134	6163	1529.4833	-2.0769	-136	4770	4906	9702	2426.5167	-2.8035	0.7266
93	Foyle, Adonal	GSW	-51	1046	1097	2027	475.0333	-5.0321	20	7687	7667	14853	3475.9667	0.2693	-5.3014
94	Smith, Josh	ATL	-206	5216	5422	10356	2647.3333	-3.9784	-182	2466	2648	5161	1328.6667	-7.0529	3.0745
95	Harrington, Al	GSW	16	3023	3007	5803	1355.0833	0.5514	-47	5710	5757	11077	2595.9167	-0.8486	1.4000
95	Harrington, Al	IND	-44	2392	2436	4795	1207.7000	-1.8352	-156	5448	5604	11070	2748.3000	-2.8184	0.9832
96	Lue, Tyronn	ATL	-191	2911	3102	5786	1487.8667	-6.6021	-197	4771	4968	9731	2488.1333	-4.0489	-2.5532
97	Williams, Marvin	ATL	-193	4246	4439	8439	2180.3667	-4.5740	-195	3436	3631	7078	1795.6333	-5.5100	0.9360
98	Pietrus, Mickael	GSW	-176	4193	4369	8276	1937.0667	-4.2533	145	4540	4395	8604	2013.9333	3.3705	-7.6238
100	Stoudamire, Salim	ATL	-97	2040	2137	4153	1033.9333	-4.6713	-291	5642	5933	11364	2942.0667	-5.1214	0.4501
101	Biedrins, Andris	GSW	112	5278	5166	10084	2382.4333	2.2213	-143	3455	3598	6796	1568.5667	-4.2084	6.4297
102	Batista, Esteban	ATL	-25	129	154	323	81.2000	-15.4799	-363	7553	7916	15194	3894.8000	-4.7782	-10.7017
103	Fisher, Derek	UTA	159	4807	4648	9081	2286.8833	3.5018	76	3515	3439	6624	1674.1167	2.2947	1.2071
109	Ivey, Royal	ATL	-73	1038	1111	2118	538.3500	-6.8933	-315	6644	6959	13399	3437.6500	-4.7018	-2.1915
110	Hinrich, Kirk	CHI	310	5877	5567	11493	2839.8167	5.3946	101	2223	2122	4552	1116.1833	4.4376	0.9570
111	Wallace, Gerald	CHA	-246	5241	5487	10512	2639.8167	-4.6804	-59	2704	2763	5425	1360.4667	-2.1751	-2.5053
112	Nocioni, Andres	CHI	44	2859	2815	5744	1405.8000	1.5320	367	5241	4874	10301	2550.2000	7.1255	-5.5935
113	Duhon, Chris	CHI	174	3839	3665	7721	1899.6167	4.5072	237	4261	4024	8324	2056.3833	5.6944	-1.1872
114	Knight, Brevin	CHA	-92	2520	2612	5163	1272.7833	-3.5638	-213	5425	5638	10774	2727.5000	-3.9540	0.3902
115	Brezec, Primoz	CHA	-129	1638	1767	3308	838.4000	-7.7993	-176	6307	6483	12629	3161.8833	-2.7872	-5.0121
117	Okafor, Emeka	CHA	-113	4557	4670	9179	2328.3667	-2.4621	-192	3388	3580	6758	1671.9167	-5.6822	3.2201
118	Chandler, Tyson	NOK	-21	5059	5080	9853	2525.2500	-0.4263	-108	2774	2882	5695	1450.7500	-3.7928	3.3665
119	Gordon, Ben	CHI	351	5677	5326	11030	2703.9500	6.3645	60	2423	2363	5015	1252.0500	2.3928	3.9717
120	Sweetney, Michael	CHI	29	759	730	1579	385.2500	3.6732	382	7341	6959	14466	3570.7500	5.2813	-1.6081
121	Songaila, Darius	WAS	1	1467	1466	2845	699.6000	0.0703	-43	7089	7132	13268	3266.4000	-0.6482	0.7185
122	Deng, Luol	CHI	419	6381	5962	12437	3071.5000	6.7380	-8	1719	1727	3608	884.5000	-0.4435	7.1815
123	Ely, Melvin	CHA	-68	444	512	1019	243.6667	-13.3464	-237	7501	7738	14918	3756.6167	-3.1774	-10.1690
123	Ely, Melvin	SAS	-27	101	128	249	65.0667	-21.6867	717	7977	7260	15151	3890.9333	9.4647	-31.1514
124	Harrington, Othella	CHA	-39	390	429	888	220.2833	-8.7838	-266	7555	7821	15049	3780.0000	-3.5351	-5.2487
125	Thomas, Tim	LAC	167	4165	3998	8081	2053.8500	4.1332	-205	3678	3883	7396	1892.1500	-5.5435	9.6767
126	Felton, Raymond	CHA	-117	5706	5823	11249	2831.5667	-2.0802	-188	2239	2427	4688	1168.7167	-8.0205	5.9403
127	May, Sean	CHA	1	1723	1722	3332	837.9500	0.0600	-306	6222	6528	12605	3162.3333	-4.8552	4.9152
128	Carroll, Matt	CHA	-114	3797	3911	7402	1877.3833	-3.0802	-191	4148	4339	8535	2122.9000	-4.4757	1.3955
129	Jones, Jumaine	PHX	-20	301	321	626	153.3833	-6.3898	619	8736	8117	15745	3827.6167	7.8628	-14.2526
130	Allen, Malik	CHI	71	1301	1230	2565	638.3000	5.5361	340	6799	6459	13480	3317.7000	5.0445	0.4916
131	Piatkowski, Eric	PHX	-3	148	151	280	72.8000	-2.1429	602	8889	8287	16091	3908.2000	7.4824	-9.6253
132	Okur, Mehmet	UTA	36	5661	5625	10522	2659.7333	0.6843	199	2661	2462	5183	1301.2667	7.6790	-6.9947
133	Giricek, Gordan	UTA	159	2441	2282	4621	1188.3500	6.8816	76	5881	5805	11084	2772.6500	1.3713	5.5103
134	McLeod, Keith	GSW	-8	855	863	1652	379.2667	-0.9685	-23	7878	7901	15228	3571.7333	-0.3021	-0.6664
134	McLeod, Keith	IND	-20	680	700	1366	338.5667	-2.9283	-180	7160	7340	14499	3617.4333	-2.4829	-0.4454
136	Kirilenko, Andrei	UTA	35	4269	4234	8103	2048.9333	0.8639	200	4053	3853	7602	1912.0667	5.2618	-4.3979
137	Collins, Jarron	UTA	104	1809	1705	3596	913.2167	5.7842	131	6513	6382	12109	3047.7833	2.1637	3.6205
138	Harpring, Matt	UTA	226	4210	3984	7798	1964.6833	5.7964	9	4112	4103	7907	1996.3167	0.2276	5.5688
139	Williams, Deron	UTA	154	6274	6120	11712	2949.7500	2.6298	81	2048	1967	3993	1011.2500	4.0571	-1.4273
140	Brown, Devin	NOK	-6	3325	3331	6487	1659.5333	-0.1850	-123	4508	4631	9061	2316.4667	-2.7149	2.5299
141	Humphries, Kris	TOR	-39	1374	1413	2700	670.1167	-2.8889	120	6785	6665	13142	3280.8833	1.8262	-4.7151
143	O'Neal, Jermaine	IND	12	4878	4866	9721	2459.3333	0.2469	-212	2962	3174	6144	1496.6667	-6.9010	7.1479
144	Battie, Tony	ORL	1	2982	2981	5977	1574.7167	0.0335	63	4789	4726	9347	2381.2833	1.3480	-1.3145
145	Artest, Ron	SAC	39	5606	5567	10714	2641.0500	0.7280	-183	2697	2880	5493	1319.9500	-6.6630	7.3910
146	Francis, Steve	NYK	-19	2524	2543	4898	1237.1667	-0.7758	-217	5468	5685	10878	2763.1167	-3.9897	3.2139
147	Jackson, Stephen	GSW	138	2953	2815	5577	1293.1500	4.9489	-169	5780	5949	11303	2657.8500	-2.9904	7.9393
147	Jackson, Stephen	IND	3	2400	2397	4774	1187.0000	0.1257	-203	5440	5643	11091	2769.0000	-3.6606	3.7863
148	Stevenson, DeShawn	WAS	-65	5300	5365	9882	2419.4667	-1.3155	23	3256	3233	6231	1546.5333	0.7382	-2.0537
149	Howard, Dwight	ORL	93	5986	5893	11694	3023.7667	1.5906	-29	1785	1814	3630	932.2333	-1.5978	3.1884
150	Croshere, Austin	DAL	16	1396	1380	2923	727.2833	1.0948	576	6805	6229	12525	3223.7167	9.1976	-8.1028
151	Turkoglu, Hedo	ORL	149	4595	4446	8813	2271.3000	3.3814	-85	3176	3261	6511	1684.7000	-2.6110	5.9924
152	Tinsley, Jamaal	IND	-91	4491	4582	9022	2246.1167	-2.0173	-109	3349	3458	6843	1709.8833	-3.1857	1.1684
153	Jasikevicius, Sarunas	GSW	-116	624	740	1358	308.9167	-17.0839	85	8109	8024	15522	3642.0833	1.0952	-18.1791
153	Jasikevicius, Sarunas	IND	13	1301	1288	2678	662.6333	0.9709	-213	6539	6752	13187	3293.3667	-3.2305	4.2014
154	Jones, Fred	POR	-66	861	927	1756	449.3333	-7.5171	-286	6856	7142	13523	3541.6667	-4.2298	-3.2873
154	Jones, Fred	TOR	-153	1713	1866	3549	872.9167	-8.6221	234	6446	6212	12293	3078.0833	3.8070	-12.4291
155	Granger, Danny	IND	-147	5581	5728	11183	2785.4333	-2.6290	-53	2259	2312	4682	1170.5667	-2.2640	-0.3650
156	Outlaw, Bo	ORL	-3	890	893	1774	459.8833	-0.3382	67	6881	6814	13550	3496.1167	0.9889	-1.3271
158	Nelson, Jameer	ORL	-18	4630	4648	9109	2330.7000	-0.3952	82	3141	3059	6215	1625.3000	2.6388	-3.0340
159	Harrison, David	IND	-46	352	398	803	190.0833	-11.4570	-154	7488	7642	15062	3765.9167	-2.0449	-9.4121
160	Cato, Kelvin	NYK	-22	165	187	398	94.9667	-11.0553	-214	7827	8041	15378	3905.3167	-2.7832	-8.2721
161	Garrity, Garrity	ORL	10	543	533	1054	277.3333	1.8975	54	7228	7174	14270	3678.6667	0.7568	1.1407
163	Evans, Reggie	DEN	69	2383	2314	4673	1126.9833	2.9531	64	6256	6192	11962	2829.0167	1.0701	1.8830
164	Kaman, Chris	LAC	-176	4132	4308	8298	2176.0167	-4.2420	138	3711	3573	7179	1769.9833	3.8445	-8.0865
165	Cassell, Sam	LAC	89	2873	2784	5584	1407.5833	3.1877	-127	4970	5097	9893	2538.4167	-2.5675	5.7552
166	Allen, Ray	SEA	-55	4655	4710	8797	2214.4833	-1.2504	-182	3460	3642	6902	1746.9667	-5.2738	4.0234
167	Brand, Elton	LAC	22	6226	6204	12120	3077.8667	0.3630	-60	1617	1677	3357	868.1333	-3.5746	3.9376
168	Petro, Johan	SEA	-230	2947	3177	5964	1510.1000	-7.7129	-7	5168	5175	9735	2451.3500	-0.1438	-7.5691
169	Ross, Quinton	LAC	-117	3375	3492	6728	1700.1833	-3.4780	79	4468	4389	8749	2245.8167	1.8059	-5.2839
170	Lewis, Rashard	SEA	-26	4905	4931	9280	2347.9333	-0.5603	-211	3210	3421	6419	1613.5167	-6.5742	6.0139
171	Mobley, Cuttino	LAC	-23	5656	5679	11114	2841.0500	-0.4139	-15	2187	2202	4363	1104.9500	-0.6876	0.2737
172	Collison, Nick	SEA	-103	4824	4927	9353	2378.2000	-2.2025	-134	3291	3425	6346	1583.2500	-4.2231	2.0206
173	Ridnour, Luke	SEA	-162	4304	4466	8348	2086.5667	-3.8812	-75	3811	3886	7351	1874.8833	-2.0405	-1.8407
174	Murray, Ronald (Flip)	DET	40	2867	2827	5702	1476.7167	1.4030	301	5005	4704	9430	2499.2833	6.3839	-4.9809
175	Fortson, Danny	SEA	-5	319	324	603	158.0500	-1.6584	-232	7796	8028	15096	3803.4000	-3.0737	1.4153
176	Wilkins, Damien	SEA	-252	4106	4358	8095	2032.5000	-6.2261	15	4009	3994	7604	1928.9500	0.3945	-6.6206
177	Ewing, Daniel	LAC	46	1358	1312	2746	711.6833	3.3503	-84	6485	6569	12731	3234.3167	-1.3196	4.6699
178	Singleton, James	LAC	-10	729	739	1497	376.1500	-1.3360	-28	7114	7142	13980	3569.8500	-0.4006	-0.9354
180	Radmanovic, Vladimir	LAL	-113	1991	2104	3978	986.0167	-5.6812	107	6483	6376	12186	3019.9833	1.7561	-7.4373
181	Wilcox, Chris	SEA	-58	5445	5503	10228	2581.4833	-1.1341	-179	2670	2849	5471	1379.9667	-6.5436	5.4095
185	Parker, William (Smush)	LAL	-81	5324	5405	10079	2457.5500	-1.6073	75	3150	3075	6085	1548.4500	2.4651	-4.0724
186	Bryant, Kobe	LAL	103	6775	6672	12760	3139.7833	1.6144	-109	1699	1808	3404	866.2167	-6.4042	8.0186
187	Odom, Lamar	LAL	77	4704	4627	8899	2202.2833	1.7305	-83	3770	3853	7265	1803.7167	-2.2849	4.0154
189	Brown, Kwame	LAL	75	2461	2386	4496	1131.6167	3.3363	-81	6013	6094	11668	2874.3833	-1.3884	4.7247
190	George, Devean	DAL	79	2554	2475	5029	1282.9167	3.1418	513	5647	5134	10419	2668.0833	9.8474	-6.7056
191	Cook, Brian	LAL	75	2202	2127	4122	1018.3000	3.6390	-81	6272	6353	12042	2987.7000	-1.3453	4.9843
192	McKie, Aaron	LAL	-11	249	260	520	130.9833	-4.2308	5	8225	8220	15644	3875.0167	0.0639	-4.2947
193	Vujacic, Sasha	LAL	-47	1937	1984	3708	934.2500	-2.5351	41	6537	6496	12456	3071.7500	0.6583	-3.1934
194	Bynum, Andrew	LAL	-116	3653	3769	7176	1793.6333	-3.2330	110	4821	4711	8988	2212.3667	2.4477	-5.6807
196	Williams, Jason	MIA	32	3714	3682	7264	1865.1000	0.8811	-107	4045	4152	8168	2105.9000	-2.6200	3.5011
197	Gasol, Pau	MEM	-239	4601	4840	8732	2132.5500	-5.4741	-183	3730	3913	7446	1863.4500	-4.9154	-0.5587
198	Battier, Shane	HOU	364	6005	5641	11784	2988.4167	6.1779	34	1948	1914	3905	982.5833	1.7414	4.4365
199	Wright, Lorenzen	ATL	-136	1937	2073	3977	1035.7167	-6.8393	-252	5745	5997	11540	2940.2833	-4.3674	-2.4719
200	Walker, Antoine	MIA	-30	3514	3544	7070	1817.6333	-0.8487	-45	4245	4290	8362	2153.3667	-1.0763	0.2276
201	Haslem, Udonis	MIA	7	4965	4958	9717	2483.1167	0.1441	-82	2794	2876	5715	1487.8833	-2.8696	3.0137
202	Jones, Eddie	MEM	-151	1082	1233	2317	571.6500	-13.0341	-271	7249	7520	13861	3424.3500	-3.9103	-9.1238
202	Jones, Eddie	MIA	101	2015	1914	3910	1020.5333	5.1662	-176	5744	5920	11522	2950.4667	-3.0550	8.2212
203	O'Neal, Shaquille	MIA	40	2181	2141	4234	1134.7667	1.8895	-115	5578	5693	11198	2836.2333	-2.0539	3.9434
204	Wade, Dwayne	MIA	99	4000	3901	7657	1930.7000	2.5859	-174	3759	3933	7775	2040.3000	-4.4759	7.0618
205	Stoudamire, Damon	MEM	-233	3038	3271	6012	1501.4000	-7.7512	-189	5293	5482	10166	2494.6000	-3.7183	-4.0329
206	Mourning, Alonzo	MIA	-80	3045	3125	6131	1571.8167	-2.6097	5	4714	4709	9301	2399.1833	0.1075	-2.7172
207	Payton, Gary	MIA	-209	2807	3016	5773	1502.7833	-7.2406	134	4952	4818	9659	2468.2167	2.7746	-10.0152
208	Tsakalidis, Jake	HOU	5	266	261	517	131.9333	1.9342	393	7687	7294	15172	3839.0667	5.1806	-3.2464
208	Tsakalidis, Jake	MEM	-35	447	482	968	257.5167	-7.2314	-387	7884	8271	15210	3738.4833	-5.0888	-2.1426
209	Miller, Mike	MEM	-313	5672	5985	11034	2739.6667	-5.6734	-109	2659	2768	5144	1256.3333	-4.2379	-1.4355
210	Jackson, Bobby	NOK	31	2664	2633	5284	1329.5167	1.1734	-160	5169	5329	10264	2646.4833	-3.1177	4.2911
211	Kapono, Jason	MIA	-22	3498	3520	6900	1767.4000	-0.6377	-53	4261	4314	8532	2203.6000	-1.2424	0.6047
212	Jones, Dahntay	MEM	-125	3493	3618	6609	1659.3167	-3.7827	-297	4838	5135	9569	2336.6833	-6.2075	2.4248
213	Roberts, Lawrence	MEM	-35	2025	2060	3903	968.6500	-1.7935	-387	6306	6693	12275	3027.3500	-6.3055	4.5120
214	Wright, Dorell	MIA	-157	2433	2590	5034	1292.2667	-6.2376	82	5326	5244	10398	2678.7333	1.5772	-7.8148
215	Barron, Earl	MIA	-21	367	388	771	202.5667	-5.4475	-54	7392	7446	14661	3768.4333	-0.7366	-4.7109
216	Simien, Wayne	MIA	-25	152	177	349	92.7833	-14.3266	-50	7607	7657	15083	3878.2167	-0.6630	-13.6636
218	Warrick, Hakim	MEM	-403	4359	4762	8656	2152.4833	-9.3115	-19	3972	3991	7522	1843.5167	-0.5052	-8.8063
220	Krstic, Nenad	NJN	6	1719	1713	3362	848.5167	0.3569	-69	6282	6351	12428	3127.4833	-1.1104	1.4673
221	Jefferson, Richard	NJN	16	4006	3990	7763	1956.1167	0.4122	-79	3995	4074	8027	2019.8833	-1.9684	2.3806
222	Kidd, Jason	NJN	87	6059	5972	11669	2933.0833	1.4911	-150	1942	2092	4121	1042.9167	-7.2798	8.7709
223	Collins, Jason	NJN	65	3659	3594	7176	1847.6500	1.8116	-128	4342	4470	8614	2128.3500	-2.9719	4.7835
224	Carter, Vince	NJN	57	6407	6350	12360	3126.2500	0.9223	-120	1594	1714	3430	849.7500	-6.9971	7.9194
226	McInnis, Jeff	CHA	-100	1364	1464	2770	702.4333	-7.2202	-205	6581	6786	13167	3297.8500	-3.1138	-4.1064
228	Robinson, Clifford	NJN	-225	1793	2018	3807	955.2500	-11.8203	162	6208	6046	11983	3020.7500	2.7038	-14.5241
229	Jackson, Marc	NOK	-141	1941	2082	3977	1024.6000	-7.0908	12	5892	5880	11571	2951.4000	0.2074	-7.2982
231	Vaughn, Jacque	SAS	157	1515	1358	2907	759.9000	10.8015	533	6563	6030	12493	3196.1000	8.5328	2.2687
232	Padgett, Scott	HOU	23	380	357	768	197.6000	5.9896	375	7573	7198	14921	3773.4000	5.0265	0.9631
232	Padgett, Scott	MEM	-14	67	81	130	33.1833	-21.5385	-408	8264	8672	16048	3962.8167	-5.0847	-16.4538
235	Curry, Eddy	NYK	-198	5667	5865	11081	2848.5667	-3.5737	-38	2325	2363	4695	1151.7167	-1.6187	-1.9550
236	Blount, Mark	MIN	-295	4984	5279	10016	2544.5167	-5.8906	-8	2891	2899	5868	1456.4833	-0.2727	-5.6179
237	Richardson, Quentin	NYK	-62	3319	3381	6393	1620.9667	-1.9396	-174	4673	4847	9383	2379.3167	-3.7088	1.7692
238	LaFrentz, Raef	POR	-114	655	769	1348	352.2333	-16.9139	-238	7062	7300	13931	3638.7667	-3.4168	-13.4971
239	West, Delonte	BOS	-258	4368	4626	8825	2218.9500	-5.8470	-22	3474	3496	6936	1747.5000	-0.6344	-5.2126
240	Pierce, Paul	BOS	1	3647	3646	6986	1740.0667	0.0286	-281	4195	4476	8775	2226.3833	-6.4046	6.4332
241	Barnes, Matt	GSW	-21	4068	4089	7862	1812.4500	-0.5342	-10	4665	4675	9018	2138.5500	-0.2218	-0.3124
243	Davis, Ricky	MIN	-227	5989	6216	12037	3022.4667	-3.7717	-76	1886	1962	3847	978.5333	-3.9511	0.1794
244	Marbury, Stephon	NYK	-169	5563	5732	10800	2747.3500	-3.1296	-67	2429	2496	4976	1252.9333	-2.6929	-0.4367
245	Ariza, Trevor	ORL	38	2462	2424	4982	1277.8833	1.5255	26	5309	5283	10342	2678.1167	0.5028	1.0227
246	Gomes, Ryan	BOS	-360	4445	4805	8981	2274.7000	-8.0169	80	3397	3317	6780	1691.7500	2.3599	-10.3768
247	Jefferson, Al	BOS	-164	4525	4689	8990	2316.2500	-3.6485	-116	3317	3433	6771	1650.2000	-3.4264	-0.2221
248	Taylor, Maurice	SAC	29	196	167	401	103.2500	14.4638	-173	8107	8280	15806	3857.7500	-2.1890	16.6528
249	Crawford, Jamal	NYK	-118	4504	4622	8751	2197.2000	-2.6968	-118	3488	3606	7025	1803.0833	-3.3594	0.6626
250	James, Jerome	NYK	-70	452	522	1072	272.9833	-13.0597	-166	7540	7706	14704	3727.3000	-2.2579	-10.8018
251	Greene, Orien	IND	-52	464	516	1046	253.6667	-9.9426	-148	7376	7524	14819	3702.3333	-1.9974	-7.9452
252	Scalabrine, Brian	BOS	-76	2022	2098	4081	1025.9167	-3.7246	-204	5820	6024	11680	2940.5333	-3.4932	-0.2314
253	Perkins, Kendrick	BOS	-126	3015	3141	6157	1576.5500	-4.0929	-154	4827	4981	9604	2389.9000	-3.2070	-0.8859
254	Robinson, Nate	NYK	-27	2709	2736	5409	1355.5833	-0.9983	-209	5283	5492	10367	2644.7000	-4.0320	3.0337
255	Rose, Malik	NYK	-133	1529	1662	3200	809.9000	-8.3125	-103	6463	6566	12576	3190.3833	-1.6380	-6.6745
256	Reed, Justin	MIN	-62	641	703	1340	317.9833	-9.2537	-241	7234	7475	14544	3683.0167	-3.3141	-5.9396
257	Gooden, Drew	CLE	4	4376	4372	8643	2238.1333	0.0926	310	3558	3248	7027	1737.8667	8.8231	-8.7305
258	Ilgauskas, Zydrunas	CLE	254	4166	3912	8101	2129.8667	6.2708	60	3768	3708	7569	1846.1333	1.5854	4.6854
260	James, LeBron	CLE	378	6465	6087	12554	3190.4500	6.0220	-64	1469	1533	3116	785.5500	-4.1078	10.1298
261	Hughes, Larry	CLE	217	5223	5006	10239	2596.1167	4.2387	97	2711	2614	5431	1379.8833	3.5721	0.6666
262	Snow, Eric	CLE	-24	3700	3724	7585	1928.9667	-0.6328	338	4234	3896	8085	2047.0333	8.3612	-8.9940
263	Marshall, Donyell	CLE	148	2786	2638	5568	1359.9167	5.3161	166	5148	4982	10102	2616.0833	3.2865	2.0296
264	Jones, Damon	CLE	91	2451	2360	4739	1172.7167	3.8405	223	5483	5260	10931	2803.2833	4.0801	-0.2396
265	Pavlovic, Sasha	CLE	246	3122	2876	6093	1534.3000	8.0748	68	4812	4744	9577	2441.7000	1.4201	6.6547
266	Wilks, Mike	SEA	20	1080	1060	2079	533.6667	1.9240	-257	7035	7292	13620	3427.7833	-3.7739	5.6979
267	Henderson, Alan	PHI	0	836	836	1642	417.6667	0.0000	-248	6949	7197	13980	3558.3333	-3.5479	3.5479
269	Jackson, Luke	LAC	-3	30	33	69	16.0167	-8.6957	-35	7813	7848	15408	3929.9833	-0.4543	-8.2414
269	Jackson, Luke	TOR	-21	251	272	500	121.5333	-8.4000	102	7908	7806	15342	3829.4667	1.3297	-9.7297
270	Hamilton, Richard	DET	353	5560	5207	10458	2763.4500	6.7508	-12	2312	2324	4674	1212.5500	-0.5135	7.2643
271	Billups, Chauncey	DET	369	5187	4818	9561	2533.5833	7.7189	-28	2685	2713	5571	1442.4167	-1.0052	8.7241
272	Prince, Tayshaun	DET	312	6013	5701	11347	3000.7833	5.4993	29	1859	1830	3785	975.2167	1.5324	3.9669
273	Wallace, Ben	CHI	163	5459	5296	10889	2699.6667	2.9938	248	2641	2393	5156	1256.3333	9.6199	-6.6261
274	Wallace, Rasheed	DET	221	4813	4592	9096	2419.0500	4.8593	120	3059	2939	6036	1556.9500	3.9761	0.8832
275	McDyess, Antonio	DET	270	3453	3183	6635	1729.1833	8.1387	71	4419	4348	8497	2246.8167	1.6712	6.4675
276	Evans, Maurice	LAL	-4	3601	3605	6870	1732.0167	-0.1164	-2	4873	4875	9294	2273.9833	-0.0430	-0.0734
277	Arroyo, Carlos	ORL	42	2499	2457	5028	1303.6500	1.6706	22	5272	5250	10296	2652.3500	0.4274	1.2432
278	Milicic, Darko	ORL	0	3725	3725	7393	1910.0333	0.0000	64	4046	3982	7931	2045.9667	1.6139	-1.6139
279	Delfino, Carlos	DET	59	2639	2580	5368	1371.6167	2.1982	282	5233	4951	9764	2604.3833	5.7763	-3.5781
280	Maxiell, Jason	DET	53	1809	1756	3641	942.6333	2.9113	288	6063	5775	11491	3033.3667	5.0126	-2.1013
281	Williams, Louis	PHI	43	1366	1323	2746	688.1667	3.1318	-291	6419	6710	12876	3287.8333	-4.5200	7.6518
283	Jaric, Marko	MIN	-161	3003	3164	6189	1554.8667	-5.2028	-142	4872	5014	9695	2446.1333	-2.9293	-2.2735
284	Przybilla, Joel	POR	-32	1263	1295	2550	700.6833	-2.5098	-320	6454	6774	12729	3290.3167	-5.0279	2.5181
285	Garnett, Kevin	MIN	3	5996	5993	11792	2997.6167	0.0509	-306	1879	2185	4092	1003.3833	-14.9560	15.0069
287	Randolph, Zach	POR	-132	4762	4894	9203	2425.2500	-2.8686	-220	2955	3175	6076	1565.7500	-7.2416	4.3730
288	Szczerbiak, Wally	BOS	-40	1891	1931	3624	895.8667	-2.2075	-240	5951	6191	12137	3070.5833	-3.9548	1.7473
289	Telfair, Sebastian	BOS	-46	3189	3235	6326	1574.4833	-1.4543	-234	4653	4887	9435	2391.9667	-4.9603	3.5060
290	Olowokandi, Michael	BOS	-31	392	423	918	233.6167	-6.7538	-249	7450	7699	14843	3732.8333	-3.3551	-3.3987
292	Hassell, Trenton	MIN	-177	4399	4576	8787	2222.7000	-4.0287	-126	3476	3602	7097	1778.3000	-3.5508	-0.4779
293	McCants, Rashad	MIN	-1	1099	1100	2207	554.2167	-0.0906	-302	6776	7078	13677	3446.7833	-4.4162	4.3256
294	Patterson, Ruben	MIL	-165	5188	5353	9961	2507.8000	-3.3129	-194	2984	3178	5877	1463.2000	-6.6020	3.2891
295	Dixon, Juan	POR	-87	2392	2479	4798	1242.5833	-3.6265	-265	5325	5590	10481	2748.4167	-5.0568	1.4303
295	Dixon, Juan	TOR	-15	1461	1476	2826	683.2833	-1.0616	96	6698	6602	13016	3267.7167	1.4751	-2.5367
296	Jack, Jarrett	POR	-304	5071	5375	10059	2650.8333	-6.0443	-48	2646	2694	5220	1340.1667	-1.8391	-4.2052
297	Ratliff, Theo	BOS	-20	88	108	189	43.6833	-21.1640	-260	7754	8014	15572	3922.7667	-3.3393	-17.8247
298	Carter, Anthony	DEN	6	80	74	154	37.2000	7.7922	127	8559	8432	16481	3918.8000	1.5412	6.2510
299	Griffin, Eddie	MIN	-76	138	214	378	90.5667	-40.2116	-227	7737	7964	15506	3910.4333	-2.9279	-37.2837
300	Madsen, Mark	MIN	-10	916	926	1868	470.8833	-1.0707	-293	6959	7252	14016	3530.1167	-4.1809	3.1102
302	Ming, Yao	HOU	295	3382	3087	6468	1623.8000	9.1218	103	4571	4468	9221	2347.2000	2.2340	6.8878
304	Howard, Juwan	HOU	79	4211	4132	8281	2117.2500	1.9080	319	3742	3423	7408	1853.7500	8.6123	-6.7043
305	McGrady, Tracy	HOU	394	5262	4868	10087	2544.4500	7.8120	4	2691	2687	5602	1426.5500	0.1428	7.6692
306	Swift, Stromile	MEM	-195	2064	2259	4192	1029.2833	-9.3034	-227	6267	6494	11986	2966.7167	-3.7878	-5.5156
307	Anderson, Derek	CHA	38	232	194	415	103.7333	18.3133	-343	7713	8056	15522	3896.5500	-4.4195	22.7328
308	Alston, Rafer	HOU	462	6241	5779	12082	3040.2667	7.6477	-64	1712	1776	3607	930.7333	-3.5487	11.1964
309	Wesley, David	CLE	-12	660	672	1396	352.2667	-1.7192	326	7274	6948	14274	3623.7333	4.5677	-6.2869
312	Mutombo, Dikembe	HOU	107	2469	2362	4988	1288.9167	4.2903	291	5484	5193	10701	2682.0833	5.4387	-1.1484
313	Arenas, Gilbert	WAS	188	6645	6457	12118	2941.8500	3.1028	-230	1911	2141	3995	1024.1500	-11.5144	14.6172
314	Rose, Jalen	PHX	-52	472	524	1007	245.8167	-10.3277	651	8565	7914	15364	3735.1833	8.4744	-18.8021
315	Jeffries, Jared	NYK	-170	2556	2726	5054	1306.7333	-6.7273	-66	5436	5502	10722	2693.5500	-1.2311	-5.4962
316	Jamison, Antawn	WAS	91	5954	5863	10855	2661.7333	1.6766	-133	2602	2735	5258	1304.2667	-5.0590	6.7356
317	Graham, Joey	TOR	75	2769	2694	5330	1313.1833	2.8143	6	5390	5384	10512	2637.8167	0.1142	2.7001
318	James, Mike	MIN	-193	4089	4282	8185	2069.4333	-4.7159	-110	3786	3896	7699	1931.5667	-2.8575	-1.8584
319	Bosh, Chris	TOR	187	5572	5385	10586	2657.9167	3.5330	-106	2587	2693	5256	1293.0833	-4.0335	7.5665
321	Daniels, Antonio	WAS	-26	3726	3752	7077	1760.8500	-0.7348	-16	4830	4846	9036	2205.1500	-0.3541	-0.3807
322	Haywood, Brendan	WAS	61	3707	3646	6998	1740.1000	1.7434	-103	4849	4952	9115	2225.9000	-2.2600	4.0034
323	Thomas, Etan	WAS	-37	2646	2683	4958	1245.8000	-1.4925	-5	5910	5915	11155	2720.2000	-0.0896	-1.4029
324	Butler, Caron	WAS	58	5467	5409	10096	2474.3833	1.1490	-100	3089	3189	6017	1491.6167	-3.3239	4.4729
325	Araujo, Rafael	UTA	57	518	461	994	247.4333	11.4688	178	7804	7626	14711	3713.5667	2.4200	9.0488
326	Peterson, Morris	TOR	-130	3054	3184	6090	1514.7500	-4.2693	211	5105	4894	9752	2436.2500	4.3273	-8.5966
327	Villanueva, Charlie	MIL	-15	2087	2102	3949	984.3500	-0.7597	-344	6085	6429	11889	2986.6500	-5.7869	5.0272
328	Hayes, Jarvis	WAS	-175	3415	3590	6586	1625.9500	-5.3143	133	5141	5008	9527	2340.0500	2.7921	-8.1064
329	Ruffin, Michael	WAS	-99	479	578	1086	270.4667	-18.2320	57	8077	8020	15027	3695.5333	0.7586	-18.9906
330	Bonner, Matt	SAS	28	1299	1271	2551	653.3667	2.1952	662	6779	6117	12849	3302.6333	10.3043	-8.1091
331	Calderon, Jose	TOR	39	3413	3374	6555	1621.5500	1.1899	42	4746	4704	9287	2329.4500	0.9045	0.2854
332	Atkins, Chucky	MEM	-120	4463	4583	8426	2063.9500	-2.8483	-302	3868	4170	7752	1932.0500	-7.7915	4.9432
337	Johnson, Anthony	ATL	-57	1495	1552	2909	738.5833	-3.9189	-331	6187	6518	12608	3237.4167	-5.2506	1.3317
337	Johnson, Anthony	DAL	-65	1066	1131	2221	561.7500	-5.8532	657	7135	6478	13227	3389.2500	9.9342	-15.7874
339	Medvedenko, Slava	ATL	-13	139	152	290	76.6667	-8.9655	-375	7543	7918	15227	3899.3333	-4.9255	-4.0400
341	Korolev, Yaroslav	LAC	-23	70	93	165	40.5500	-27.8788	-15	7773	7788	15312	3905.4500	-0.1959	-27.6829
344	Udrih, Beno	SAS	18	1868	1850	3723	948.0000	0.9670	672	6210	5538	11677	3008.0000	11.5098	-10.5428
348	Hudson, Troy	MIN	-72	1044	1116	2182	553.9000	-6.5995	-231	6831	7062	13702	3447.1000	-3.3718	-3.2277
349	Dupree, Ronald	DET	-8	196	204	386	94.3333	-4.1451	349	7676	7327	14746	3881.6667	4.7335	-8.8786
350	Potapenko, Vitaly	SAC	-5	23	28	58	12.8833	-17.2414	-139	8280	8419	16149	3948.1167	-1.7215	-15.5199
353	Williams, Aaron	LAC	-22	704	726	1463	383.7667	-3.0075	-16	7139	7155	14014	3562.2333	-0.2283	-2.7792
354	Outlaw, Travis	POR	-130	3025	3155	6017	1532.0833	-4.3211	-222	4692	4914	9262	2458.9167	-4.7938	0.4727
355	Blake, Steve	DEN	95	3592	3497	6795	1641.4000	2.7962	38	5047	5009	9840	2314.6000	0.7724	2.0238
355	Blake, Steve	MIL	-135	1155	1290	2338	582.6333	-11.5483	-224	7017	7241	13500	3388.3667	-3.3185	-8.2298
356	Webster, Martell	POR	-148	3401	3549	6792	1759.0500	-4.3581	-204	4316	4520	8487	2231.9500	-4.8074	0.4493
357	Watson, Earl	SEA	-129	4419	4548	8567	2147.3000	-3.0116	-108	3696	3804	7132	1814.1500	-3.0286	0.0170
362	Frye, Channing	NYK	-145	3709	3854	7428	1898.7167	-3.9041	-91	4283	4374	8348	2101.5667	-2.1802	-1.7239
366	Bogans, Keith	ORL	49	1972	1923	3853	989.5000	2.5435	15	5799	5784	11471	2966.5000	0.2615	2.2820
367	Dickau, Dan	POR	51	899	848	1715	444.2000	5.9475	-403	6818	7221	13564	3546.8000	-5.9422	11.8897
372	Head, Luther	HOU	48	4410	4362	8855	2210.3500	1.0841	350	3543	3193	6834	1760.6500	10.2429	-9.1588
373	Booth, Calvin	WAS	43	818	775	1565	379.6000	5.4952	-85	7738	7823	14548	3586.4000	-1.1685	6.6637
377	Lee, David	NYK	83	3652	3569	6910	1726.9333	2.4023	-319	4340	4659	8866	2273.3500	-7.1960	9.5983
380	Williams, Eric	CHA	-2	65	67	127	32.9167	-3.1496	-303	7880	8183	15810	3967.3667	-3.8330	0.6834
380	Williams, Eric	SAS	6	175	169	354	88.3000	3.3898	684	7903	7219	15046	3867.7000	9.0921	-5.7023
383	Smith, Joe	DEN	-26	301	327	647	148.2333	-8.0371	159	8338	8179	15988	3807.7667	1.9890	-10.0261
383	Smith, Joe	PHI	34	2692	2658	5313	1355.0500	1.2799	-282	5093	5375	10309	2620.9500	-5.4709	6.7508
389	Pargo, Jannero	NOK	-90	3192	3282	6645	1712.4000	-2.7088	-39	4641	4680	8903	2263.6000	-0.8761	-1.8327
390	Maggette, Corey	LAC	87	4680	4593	9084	2290.9167	1.9155	-125	3163	3288	6393	1655.0833	-3.9105	5.8260
391	Taylor, Donell	WAS	-92	646	738	1475	368.5000	-12.4746	50	7910	7860	14638	3597.5000	0.6832	-13.1578
392	Pollard, Scot	CLE	-3	200	203	414	108.7500	-1.4493	317	7734	7417	15256	3867.2500	4.1557	-5.6050
397	Sampson, Jamal	DEN	-13	248	261	510	124.4500	-5.0980	146	8391	8245	16125	3831.5500	1.8109	-6.9089
399	Burke, Pat	PHX	-30	318	348	672	163.8500	-8.9286	629	8719	8090	15699	3817.1500	8.0132	-16.9418
401	Posey, James	MIA	-33	3750	3783	7524	1918.7667	-0.8772	-42	4009	4051	7908	2052.2333	-1.0622	0.1850
402	Robinson, Bernard	CHA	-63	428	491	1001	241.0333	-12.5874	-242	7517	7759	14936	3759.2500	-3.2405	-9.3469
402	Robinson, Bernard	NJN	-7	68	75	148	37.0667	-9.4595	-56	7933	7989	15642	3938.9333	-0.7160	-8.7435
403	Voskuhl, Jake	CHA	-104	2102	2206	4174	1043.1667	-4.9832	-201	5843	6044	11763	2957.1167	-3.4175	-1.5657
405	Davis, Dale	DET	50	878	828	1777	464.0667	5.6275	291	6994	6703	13355	3511.9333	4.3579	1.2696
408	Johnson, Linton	NOK	1	1398	1397	2842	720.0000	0.0704	-130	6435	6565	12706	3256.0000	-2.0463	2.1167
410	Marks, Sean	PHX	-12	31	43	77	17.2000	-31.1688	611	9006	8395	16294	3963.8000	7.4997	-38.6685
411	Moore, Mikki	NJN	12	4212	4200	8129	2081.7833	0.2952	-75	3789	3864	7661	1894.2167	-1.9580	2.2532
413	Blatche, Andray	WAS	-85	1379	1464	2749	682.1000	-6.1841	43	7177	7134	13364	3283.9000	0.6435	-6.8276
414	Anderson, Alan	CHA	-36	2689	2725	5286	1341.4333	-1.3621	-269	5256	5525	10651	2658.8500	-5.0512	3.6891
416	Snyder, Kirk	HOU	-41	1066	1107	2223	562.4333	-3.6887	439	6887	6448	13466	3408.5667	6.5201	-10.2088
417	Ellis, Monta	GSW	23	5865	5842	11257	2638.0000	0.4086	-54	2868	2922	5623	1313.0000	-1.9207	2.3293
419	Dooling, Keyon	ORL	22	2861	2839	5566	1434.9333	0.7905	42	4910	4868	9758	2521.0667	0.8608	-0.0703
422	Hodge, Julius	DEN	-10	76	86	159	36.7333	-12.5786	143	8563	8420	16476	3919.2667	1.7359	-14.3145
422	Hodge, Julius	MIL	5	50	45	107	27.5833	9.3458	-364	8122	8486	15731	3943.4167	-4.6278	13.9736
423	Butler, Jackie	SAS	-39	178	217	395	102.9500	-19.7468	729	7900	7171	15005	3853.0500	9.7168	-29.4636
424	Sow, Pape	TOR	-31	64	95	150	34.2167	-41.3333	112	8095	7983	15692	3916.7833	1.4275	-42.7608
426	Miles, C.J.	UTA	-55	747	802	1494	372.4333	-7.3628	290	7575	7285	14211	3588.5667	4.0813	-11.4441
430	Powell, Josh	GSW	-102	567	669	1253	288.5500	-16.2809	71	8166	8095	15627	3662.4500	0.9087	-17.1896
430	Powell, Josh	IND	-29	124	153	275	64.3500	-21.0909	-171	7716	7887	15590	3891.6500	-2.1937	-18.8972
433	Randolph, Shavlik	PHI	9	338	329	719	179.4000	2.5035	-257	7447	7704	14903	3796.6000	-3.4490	5.9525
436	Martin, Darrick	TOR	-21	448	469	911	219.7000	-4.6103	102	7711	7609	14931	3731.3000	1.3663	-5.9766
438	Marshall, Rawle	IND	-43	689	732	1533	360.7000	-5.6099	-157	7151	7308	14332	3595.3000	-2.1909	-3.4190
439	Mbenga, DJ	DAL	-19	146	165	312	78.5167	-12.1795	611	8055	7444	15136	3872.4833	8.0735	-20.2530
444	Wright, Antoine	NJN	-178	2146	2324	4482	1137.1167	-7.9429	115	5855	5740	11308	2838.8833	2.0340	-9.9769
450	Khryapa, Viktor	CHI	-16	464	480	965	230.8167	-3.3161	427	7636	7209	15080	3725.1833	5.6631	-8.9792
453	Diogu, Ike	GSW	-33	444	477	923	222.0333	-7.1506	2	8289	8287	15957	3728.9667	0.0251	-7.1757
453	Diogu, Ike	IND	-1	1037	1038	2149	537.7000	-0.0931	-199	6803	7002	13716	3418.3000	-2.9017	2.8086
454	Wafer, Von	LAC	-1	4	5	10	0.8833	-20.0000	-37	7839	7876	15467	3945.1167	-0.4784	-19.5216
457	Roberson, Anthony	GSW	-56	482	538	996	226.5500	-11.2450	25	8251	8226	15884	3724.4500	0.3148	-11.5598
458	Dalembert, Samuel	PHI	-20	5013	5033	9782	2534.9667	-0.4089	-228	2772	3000	5840	1441.0333	-7.8082	7.3993
459	Walton, Luke	LAL	13	4298	4285	8147	1982.0667	0.3191	-19	4176	4195	8017	2023.9333	-0.4740	0.7931
460	Doleac, Michael	MIA	-74	1319	1393	2703	698.3667	-5.4754	-1	6440	6441	12729	3272.6333	-0.0157	-5.4597
463	Thompson, Dijon	ATL	-9	94	103	193	50.1667	-9.3264	-379	7588	7967	15324	3925.8333	-4.9465	-4.3799
467	Griffin, Adrian	CHI	73	1170	1097	2315	584.6500	6.3067	338	6930	6592	13730	3371.3500	4.9235	1.3832
468	Foster, Jeff	IND	-66	3416	3482	6839	1739.8833	-1.9301	-134	4424	4558	9026	2216.1167	-2.9692	1.0391
470	Diener, Travis	ORL	6	570	564	1126	288.2167	1.0657	58	7201	7143	14198	3667.7833	0.8170	0.2487
477	Graham, Stephen	POR	-54	311	365	639	164.6500	-16.9014	-298	7406	7704	14640	3826.3500	-4.0710	-12.8304
483	Livingston, Shaun	LAC	-156	3200	3356	6361	1611.3333	-4.9049	118	4643	4525	9116	2334.6667	2.5889	-7.4938
484	Cardinal, Brian	MEM	-37	626	663	1258	312.7500	-5.8824	-385	7705	8090	14920	3683.2500	-5.1609	-0.7215
486	Hill, Grant	ORL	-68	3885	3953	7784	2008.6167	-1.7472	132	3886	3754	7540	1947.3833	3.5013	-5.2485
488	Banks, Marcus	PHX	-138	975	1113	2079	502.7500	-13.2756	737	8062	7325	14292	3478.2500	10.3135	-23.5891
489	Newble, Ira	CLE	-3	254	257	519	129.0333	-1.1561	317	7680	7363	15151	3846.9667	4.1845	-5.3406
492	Stackhouse, Jerry	DAL	260	3437	3177	6432	1614.6500	8.0846	332	4764	4432	9016	2336.3500	7.3647	0.7199
498	Lucas, John	HOU	-10	712	722	1496	383.3333	-1.3369	408	7241	6833	14193	3587.6667	5.7493	-7.0862
501	Allen, Tony	BOS	-49	1647	1696	3273	799.9667	-2.9942	-231	6195	6426	12488	3166.4833	-3.6996	0.7054
505	Varejao, Anderson	CLE	247	3922	3675	7758	1932.3000	6.3676	67	4012	3945	7912	2043.7000	1.6936	4.6740
508	Hayes, Chuck	HOU	320	3443	3123	6776	1713.7167	9.4451	78	4510	4432	8913	2257.2833	1.7503	7.6948
509	Wright, Bracey	MIN	52	419	367	790	190.1333	13.1646	-355	7456	7811	15094	3810.8667	-4.7039	17.8685
510	Johnson, Amir	DET	0	245	245	490	124.2000	0.0000	341	7627	7286	14642	3851.8000	4.6578	-4.6578
514	Green, Gerald	BOS	-218	3433	3651	7084	1776.6833	-6.1547	-62	4409	4471	8677	2189.7667	-1.4291	-4.7256
515	Hunter, Lindsey	DET	-69	1395	1464	2911	744.4000	-4.7406	410	6477	6067	12221	3231.6000	6.7098	-11.4504
516	Turiaf, Ronny	LAL	18	2324	2306	4420	1086.9500	0.8145	-24	6150	6174	11744	2919.0500	-0.4087	1.2232
517	Jones, Dwayne	CLE	2	36	34	71	18.3000	5.6338	312	7898	7586	15599	3957.7000	4.0003	1.6335
518	Boozer, Carlos	UTA	164	5489	5325	10211	2556.9667	3.2122	71	2833	2762	5494	1404.0333	2.5846	0.6276
525	Barrett, Andre	CHI	-1	52	53	126	28.5167	-1.5873	412	8048	7636	15919	3927.4833	5.1762	-6.7635
529	Schenscher, Luke	POR	-2	237	239	472	118.0167	-0.8475	-350	7480	7830	14807	3872.9833	-4.7275	3.8800
533	Livingston, Randy	SEA	-42	28	70	89	25.8167	-94.3820	-195	8087	8282	15610	3935.6333	-2.4984	-91.8836
537	Stoudemire, Amare	PHX	448	6215	5767	11081	2689.2000	8.0859	151	2822	2671	5290	1291.8000	5.7089	2.3770
541	Green, Willie	PHI	-235	3583	3818	7291	1841.9500	-6.4463	-13	4202	4215	8331	2134.0500	-0.3121	-6.1342
544	Udoka, Ime	POR	-147	4174	4321	8167	2143.7000	-3.5999	-205	3543	3748	7112	1847.3000	-5.7649	2.1650
548	Bozeman, Cedric	ATL	-25	367	392	797	198.8833	-6.2735	-363	7315	7678	14720	3777.1167	-4.9321	-1.3414
549	Freije, Matt	ATL	4	281	277	610	146.9833	1.3115	-392	7401	7793	14907	3829.0167	-5.2593	6.5708
550	Jones, Solomon	ATL	-177	1276	1453	2629	665.4667	-13.4652	-211	6406	6617	12888	3310.5333	-3.2744	-10.1908
551	Williams, Shelden	ATL	-235	2832	3067	5888	1511.7667	-7.9823	-153	4850	5003	9629	2464.2333	-3.1779	-4.8044
552	Powe, Leon	BOS	-39	1342	1381	2861	719.6500	-2.7263	-241	6500	6741	12900	3246.8000	-3.7364	1.0101
553	Rondo, Rajon	BOS	36	3608	3572	7265	1826.5333	0.9911	-316	4234	4550	8496	2139.9167	-7.4388	8.4299
554	Ray, Allan	BOS	-15	1398	1413	2850	709.3833	-1.0526	-265	6444	6709	12911	3257.0667	-4.1050	3.0524
555	Morrison, Adam	CHA	-237	4596	4833	9367	2325.8000	-5.0603	-68	3349	3417	6570	1674.4833	-2.0700	-2.9903
556	Herrmann, Walter	CHA	-12	1893	1905	3742	935.4667	-0.6414	-293	6052	6345	12195	3064.8167	-4.8052	4.1638
557	Hollins, Ryan	CHA	-92	340	432	751	185.2167	-24.5007	-213	7605	7818	15186	3815.0667	-2.8052	-21.6955
558	Sefolosha, Thabo	CHI	91	1750	1659	3578	872.8667	5.0866	320	6350	6030	12467	3083.1333	5.1336	-0.0470
559	Thomas, Tyrus	CHI	151	1995	1844	4019	966.1667	7.5143	260	6105	5845	12026	2989.8333	4.3240	3.1903
560	Brown, Shannon	CLE	-62	370	432	791	201.4500	-15.6764	376	7564	7188	14879	3774.5500	5.0541	-20.7305
561	Gibson, Daniel	CLE	87	1939	1852	3879	987.4333	4.4857	227	5995	5768	11791	2988.5667	3.8504	0.6353
562	Ager, Maurice	DAL	-70	367	437	870	214.3000	-16.0920	662	7834	7172	14578	3736.7000	9.0822	-25.1742
563	Barea, Jose	DAL	-36	360	396	757	191.2500	-9.5112	628	7841	7213	14691	3759.7500	8.5495	-18.0607
564	Mensah-Bonsu, Pops	DAL	8	148	140	289	71.3000	5.5363	584	8053	7469	15159	3879.7000	7.7050	-2.1687
565	Diawara, Yakhouba	DEN	21	2500	2479	4982	1176.4667	0.8430	112	6139	6027	11653	2779.5333	1.9223	-1.0793
566	Blalock, Will	DET	-20	280	300	627	165.6667	-6.3796	361	7592	7231	14505	3810.3333	4.9776	-11.3572
567	O'Bryant, Patrick	GSW	18	273	255	500	118.7500	7.2000	-49	8460	8509	16380	3832.2500	-0.5983	7.7983
568	Wagner, Dajuan	GSW	2	17	15	27	6.7833	14.8148	-33	8716	8749	16853	3944.2167	-0.3916	15.2064
569	Novak, Steve	HOU	-33	357	390	778	190.5333	-8.4833	431	7596	7165	14911	3780.4667	5.7810	-14.2643
570	Spanoulis, Vassilis	HOU	-30	486	516	1085	271.8500	-5.5300	428	7467	7039	14604	3699.1500	5.8614	-11.3914
572	Baston, Maceo	IND	-40	804	844	1650	404.4167	-4.8485	-160	7036	7196	14215	3551.5833	-2.2511	-2.5974
573	Williams, Shawne	IND	-124	1059	1183	2194	556.0167	-11.3036	-76	6781	6857	13671	3399.9833	-1.1118	-10.1918
574	Davis, Paul	LAC	-15	331	346	710	179.7167	-4.2254	-23	7512	7535	14767	3766.2833	-0.3115	-3.9139
575	Farmar, Jordan	LAL	10	2180	2170	4288	1089.6167	0.4664	-16	6294	6310	11876	2916.3833	-0.2695	0.7359
576	Williams, Shammond	LAL	-29	671	700	1357	344.9333	-4.2741	23	7803	7780	14807	3661.0667	0.3107	-4.5848
577	Gay, Rudy	MEM	-122	4464	4586	8615	2103.3833	-2.8323	-300	3867	4167	7563	1892.6167	-7.9334	5.1011
578	Johnson, Alexander	MEM	-13	1656	1669	3060	752.6833	-0.8497	-409	6675	7084	13118	3243.3167	-6.2357	5.3860
579	Lowry, Kyle	MEM	60	379	319	703	175.4167	17.0697	-482	7952	8434	15475	3820.5833	-6.2294	23.2991
580	Kinsey, Tarence	MEM	-104	2061	2165	3984	966.5833	-5.2209	-318	6270	6588	12194	3029.4167	-5.2157	-0.0052
581	Quinn, Chris	MIA	12	762	750	1555	407.8333	1.5434	-87	6997	7084	13877	3563.1667	-1.2539	2.7973
582	Hite, Robert	MIA	-16	248	264	522	135.6833	-6.1303	-59	7511	7570	14910	3835.3167	-0.7914	-5.3389
583	Ilyasova, Ersan	MIL	-200	1907	2107	3913	972.9000	-10.2223	-159	6265	6424	11925	2998.1000	-2.6667	-7.5556
584	Markota, Damir	MIL	-42	335	377	667	170.3667	-12.5937	-317	7837	8154	15171	3800.6333	-4.1790	-8.4147
585	Noel, David	MIL	-176	1592	1768	3179	791.4833	-11.0727	-183	6580	6763	12659	3179.5167	-2.8912	-8.1815
586	Greer, Lynn	MIL	-24	875	899	1720	431.7333	-2.7907	-335	7297	7632	14118	3539.2667	-4.7457	1.9550
587	McCray, Chris	MIL	-2	23	25	48	11.7667	-8.3333	-357	8149	8506	15790	3959.2333	-4.5218	-3.8115
588	Foye, Randy	MIN	-164	3688	3852	7521	1879.2000	-4.3611	-139	4187	4326	8363	2121.8000	-3.3242	-1.0369
589	Smith, Craig	MIN	-132	2970	3102	6128	1536.5167	-4.3081	-171	4905	5076	9756	2464.4833	-3.5055	-0.8026
590	Adams, Hassan	NJN	-16	972	988	1996	495.1833	-1.6032	-47	7029	7076	13794	3480.8167	-0.6815	-0.9217
591	Ilic, Mile	NJN	-17	0	17	22	5.8500	-154.5455	-46	8001	8047	15768	3970.1500	-0.5835	-153.9620
592	Williams, Marcus	NJN	-43	2599	2642	5289	1314.3667	-1.6260	-20	5402	5422	10501	2661.6333	-0.3809	-1.2451
593	Boone, Josh	NJN	15	1335	1320	2688	668.5167	1.1161	-78	6666	6744	13102	3307.4833	-1.1907	2.3068
594	Armstrong, Hilton	NOK	-17	1163	1180	2423	634.1833	-1.4032	-112	6670	6782	13125	3341.8167	-1.7067	0.3035
595	Simmons, Cedric	NOK	-98	960	1058	2069	528.1167	-9.4732	-31	6873	6904	13479	3447.8833	-0.4600	-9.0132
596	Vinicius, Marcus	NOK	-33	202	235	404	103.3500	-16.3366	-96	7631	7727	15144	3872.6500	-1.2678	-15.0688
597	Balkman, Renaldo	NYK	-20	2055	2075	4224	1063.6667	-0.9470	-216	5937	6153	11552	2936.6167	-3.7396	2.7926
598	Collins, Mardy	NYK	-98	1474	1572	3090	777.0333	-6.3430	-138	6518	6656	12686	3223.2500	-2.1756	-4.1674
599	Redick, J.J.	ORL	0	1238	1238	2440	622.1500	0.0000	64	6533	6469	12884	3333.8500	0.9935	-0.9935
600	Augustine, James	ORL	-1	17	18	27	7.3167	-7.4074	65	7754	7689	15297	3948.6833	0.8498	-8.2572
601	Carney, Rodney	PHI	-127	2292	2419	4622	1168.9333	-5.4955	-121	5493	5614	11000	2807.0667	-2.2000	-3.2955
602	Jones, Bobby	PHI	36	677	641	1328	335.3333	5.4217	-284	7108	7392	14294	3640.6667	-3.9737	9.3954
603	McFarlin, Ivan	PHI	-9	80	89	170	41.2667	-10.5882	-239	7705	7944	15452	3934.7333	-3.0935	-7.4947
604	Smith, Steven	PHI	-13	39	52	111	28.1167	-23.4234	-235	7746	7981	15511	3947.8833	-3.0301	-20.3933
605	Rodriguez, Sergio	POR	-104	1663	1767	3368	861.6667	-6.1758	-248	6054	6302	11911	3129.3333	-4.1642	-2.0116
606	Roy, Brandon	POR	-188	3954	4142	7720	2014.6333	-4.8705	-164	3763	3927	7559	1976.3667	-4.3392	-0.5313
607	Aldridge, LaMarcus	POR	-57	2752	2809	5352	1391.6833	-2.1300	-295	4965	5260	9927	2599.3167	-5.9434	3.8134
608	Douby, Quincy	SAC	-39	742	781	1507	359.0167	-5.1758	-105	7561	7666	14700	3601.9833	-1.4286	-3.7472
609	Gelabale, Mickael	SEA	-72	2502	2574	4888	1238.5333	-2.9460	-165	5613	5778	10811	2722.9167	-3.0524	0.1064
610	Sene, Mouhamed	SEA	-47	306	353	665	169.3833	-14.1353	-190	7809	7999	15034	3792.0667	-2.5276	-11.6077
611	Farmer, Desmon	SEA	16	77	61	137	31.8000	23.3577	-253	8038	8291	15562	3929.6500	-3.2515	26.6092
612	Bargnani, Andrea	TOR	43	3441	3398	6636	1635.3500	1.2960	38	4718	4680	9206	2315.6500	0.8255	0.4705
614	Parker, Anthony	TOR	310	5140	4830	9691	2434.4667	6.3977	-229	3019	3248	6151	1516.5333	-7.4459	13.8436
615	Tucker, P.J.	TOR	-32	166	198	365	83.3333	-17.5342	113	7993	7880	15477	3867.6667	1.4602	-18.9944
616	Slokar, Uros	TOR	-35	129	164	310	71.9667	-22.5806	116	8030	7914	15532	3879.0333	1.4937	-24.0743
617	Brewer, Ronnie	UTA	-13	1390	1403	2735	675.0833	-0.9506	248	6932	6684	12970	3285.9167	3.8242	-4.7748
619	Brown, Dee	UTA	15	915	900	1796	449.3833	1.6704	220	7407	7187	13909	3511.6167	3.1634	-1.4930
621	Powell Jr, Roger	UTA	-10	24	34	50	13.3000	-40.0000	245	8298	8053	15655	3947.7000	3.1300	-43.1300
622	Mason, Roger	WAS	-69	990	1059	2011	492.2167	-6.8623	27	7566	7539	14102	3473.7833	0.3829	-7.2452
623	Lang, James	WAS	-1	115	116	210	54.6167	-0.9524	-41	8441	8482	15903	3911.3833	-0.5156	-0.4368
629	Millsap, Paul	UTA	144	3052	2908	5799	1476.8167	4.9664	91	5270	5179	9906	2484.1833	1.8373	3.1291
636	Garbajosa, Jorge	TOR	93	3880	3787	7563	1909.3333	2.4593	-12	4279	4291	8279	2041.6667	-0.2899	2.7492
640	Kleiza, Linas	DEN	69	3231	3162	6286	1487.8167	2.1954	64	5408	5344	10349	2468.1833	1.2368	0.9586
642	Glyniadakis, Andreas	SEA	-27	146	173	318	80.5667	-16.9811	-210	7969	8179	15381	3880.8833	-2.7306	-14.2505
643	Azubuike, Kelenna	ATL	-1	11	12	16	4.5167	-12.5000	-387	7671	8058	15501	3971.4833	-4.9932	-7.5068
643	Azubuike, Kelenna	GSW	-155	1382	1537	2868	669.1667	-10.8089	124	7351	7227	14012	3281.8333	1.7699	-12.5788
644	Brown, Andre	SEA	-13	512	525	1084	270.8667	-2.3985	-224	7603	7827	14615	3690.5833	-3.0653	0.6668
646	Williams, Justin	SAC	-59	705	764	1367	333.3000	-8.6320	-85	7598	7683	14840	3627.7000	-1.1456	-7.4864
647	Major, Renaldo	GSW	15	68	53	123	27.3833	24.3902	-46	8665	8711	16757	3923.6167	-0.5490	24.9392
649	Conroy, Will	LAC	-2	55	57	127	34.7667	-3.1496	-36	7788	7824	15350	3911.2333	-0.4691	-2.6805
649	Conroy, Will	MEM	-9	29	38	67	16.6167	-26.8657	-413	8302	8715	16111	3979.3833	-5.1269	-21.7388
650	Richardson, Jeremy	ATL	-7	49	56	81	18.8333	-17.2840	-381	7633	8014	15436	3957.1667	-4.9365	-12.3475
650	Richardson, Jeremy	POR	6	6	0	4	0.9667	300.0000	-358	7711	8069	15275	3990.0333	-4.6874	304.6874
651	Reiner, Jared	MIA	1	25	24	46	12.8833	4.3478	-76	7734	7810	15386	3958.1167	-0.9879	5.3357
651	Reiner, Jared	MIL	-73	495	568	992	243.4500	-14.7177	-286	7677	7963	14846	3727.5500	-3.8529	-10.8648
652	Harrington, Lorinza (Junior)	MEM	-22	1129	1151	2224	542.9167	-1.9784	-400	7202	7602	13954	3453.0833	-5.7331	3.7547
653	Amundson, Louis	PHI	-23	152	175	339	86.8667	-13.5693	-225	7633	7858	15283	3889.1333	-2.9444	-10.6249
653	Amundson, Louis	UTA	0	4	4	13	2.0333	0.0000	235	8318	8083	15692	3958.9667	2.9952	-2.9952
654	White, James	SAS	-23	252	275	527	136.5500	-8.7287	713	7826	7113	14873	3819.4500	9.5878	-18.3165
655	Morris, Randolph	NYK	-12	82	94	172	43.6500	-13.9535	-224	7910	8134	15604	3956.6333	-2.8711	-11.0824
656	Hall, Mike	WAS	-3	26	29	54	12.7667	-11.1111	-39	8530	8569	16059	3953.2333	-0.4857	-10.6254
657	Pinkney, Kevin	BOS	5	200	195	395	99.9500	2.5316	-285	7642	7927	15366	3866.5000	-3.7095	6.2411
658	Willis, Kevin	DAL	4	89	85	154	42.6000	5.1948	588	8112	7524	15294	3908.4000	7.6893	-2.4945
