PlayerID	PlayerTrueName	PlayerTeams	SimpleMin	SimplePossFor	SimplePossOpp	SimplePointsFor	SimplePointsOpp	SimpleOffRtg	SimpleDefRtg	SimpleOverallRtg	SimpleORebFor	SimpleORebOpp	SimpleDRebFor	SimpleDRebOpp	SimpleORebRate	SimpleDRebRate	WeightedMinOffCourt	WeightedPossForOffCourt	WeightedPossOppOffCourt	WeightedPointsForOffCourt	WeightedPointsOppOffCourt	WeightedOffRtgOffCourt	WeightedDefRtgOffCourt	WeightedOverallRtgOffCourt	WeightedORebForOffCourt	WeightedORebOppOffCourt	WeightedDRebForOffCourt	WeightedDRebOppOffCourt	WeightedORebRateOffCourt	WeightedDRebRateOffCourt	WeightedOverallRtgOnCourt	WeightedORebRateOnCourt	WeightedDRebRateOnCourt	WeightedOverallRtgOnCourtMinusOffCourt	WeightedORebRateOnCourtMinusOffCourt	WeightedDRebRateOnCourtMinusOffCourt	AdjustedPM	AdjustedPMStdErr
1	Howard, Josh	DAL	248.4500	482	479	518	527	107.469	110.021	-2.552	88	70	166	165	0.347826	0.70339	39.5500	83	85	73	104	87.9518	122.353	-34.4011	13	12	29	30	0.3023	0.7073	-2.552	0.347826	0.70339	31.8491	0.0455	-0.0039	NULL	NULL
2	Thomas, Kurt	PHX	211.4833	401	404	437	401	108.978	99.2574	9.72013	53	56	146	142	0.271795	0.722772	316.5167	634	632	708	689	111.672	109.019	2.6529	87	100	227	212	0.291	0.6942	9.72013	0.271795	0.722772	7.0672	-0.0192	0.0286	NULL	NULL
3	Dampier, Erick	DAL	37.9167	77	78	68	90	88.3117	115.385	-27.0729	17	16	24	32	0.346939	0.6	250.0833	488	486	523	541	107.172	111.317	-4.1447	84	66	171	163	0.3401	0.7215	-27.0729	0.346939	0.6	-22.9282	0.0068	-0.1215	NULL	NULL
4	Marion, Shawn	PHX	454.7667	892	895	985	911	110.426	101.788	8.6383	119	132	334	309	0.278037	0.716738	73.2333	143	141	160	179	111.888	126.95	-15.0622	21	24	39	45	0.3182	0.619	8.6383	0.278037	0.716738	23.7005	-0.0402	0.0977	NULL	NULL
5	Nowitzki, Dirk	DAL	238.6500	470	464	502	527	106.809	113.578	-6.76908	83	63	162	159	0.342975	0.72	49.3500	95	100	89	104	93.6842	104	-10.3158	18	19	33	36	0.3333	0.6346	-6.76908	0.342975	0.72	3.5467	0.0097	0.0854	NULL	NULL
6	Terry, Jason	DAL	229.2000	446	447	474	505	106.278	112.975	-6.69736	82	67	152	153	0.348936	0.694064	58.8000	119	117	117	126	98.3193	107.692	-9.373	19	15	43	42	0.3115	0.7414	-6.69736	0.348936	0.694064	2.6756	0.0374	-0.0473	NULL	NULL
7	Bell, Raja	PHX	437.8667	857	857	946	895	110.385	104.434	5.95099	110	132	307	291	0.274314	0.699317	90.1333	178	179	199	195	111.798	108.938	2.8592	30	24	66	63	0.3226	0.7333	5.95099	0.274314	0.699317	3.0918	-0.0483	-0.034	NULL	NULL
8	Nash, Steve	PHX	412.6667	809	803	903	846	111.619	105.355	6.26436	105	119	299	279	0.273438	0.715311	115.3333	226	233	242	244	107.08	104.721	2.3586	35	37	74	75	0.3182	0.6667	6.26436	0.273438	0.715311	3.9058	-0.0448	0.0486	NULL	NULL
10	Jones, James	PHX	170.7667	334	337	376	376	112.575	111.573	1.00215	46	50	111	115	0.285714	0.689441	357.2333	701	699	769	714	109.7	102.146	7.5545	94	106	262	239	0.2823	0.712	1.00215	0.285714	0.689441	-6.5523	0.0034	-0.0226	NULL	NULL
12	Diaw, Boris	PHX	234.7667	469	471	513	513	109.382	108.917	0.464466	63	72	165	159	0.283784	0.696203	293.2333	566	565	632	577	111.661	102.124	9.5369	77	84	208	195	0.2831	0.7123	0.464466	0.283784	0.696203	-9.0724	0.0007	-0.0161	NULL	NULL
15	Harris, Devin	DAL	163.0333	326	324	344	373	105.521	115.123	-9.60198	48	54	118	110	0.303797	0.686047	124.9667	239	240	247	258	103.347	107.5	-4.1527	53	28	77	85	0.3841	0.7333	-9.60198	0.303797	0.686047	-5.4493	-0.0803	-0.0473	NULL	NULL
16	Barbosa, Leandro	PHX	349.1833	686	691	740	731	107.872	105.789	2.08301	98	106	247	231	0.297872	0.699717	178.8167	349	345	405	359	116.046	104.058	11.9879	42	50	126	123	0.2545	0.7159	2.08301	0.297872	0.699717	-9.9049	0.0434	-0.0162	NULL	NULL
17	Diop, DeSagana	DAL	139.7000	267	271	292	296	109.363	109.225	0.138204	49	33	93	83	0.371212	0.738095	148.3000	298	293	299	335	100.336	114.335	-13.9989	52	49	102	112	0.3171	0.6755	0.138204	0.371212	0.738095	14.1371	0.0541	0.0626	NULL	NULL
20	House, Eddie	NJN	17.5000	31	33	24	35	77.4194	106.061	-28.6413	3	10	9	13	0.1875	0.473684	558.5000	1039	1035	1058	1025	101.829	99.0338	2.7949	124	129	399	381	0.2455	0.7557	-28.6413	0.1875	0.473684	-31.4362	-0.058	-0.282	NULL	NULL
21	Martin, Kenyon	DEN	0.0000	0	0	0	0	NULL	NULL	NULL	0	0	0	0	NULL	NULL	240.0000	440	442	441	471	100.227	106.561	-6.33381	80	71	164	160	0.333333	0.697872	NULL	NULL	NULL	NULL	NULL	NULL	NULL	NULL
22	Nesterovic, Rasho	TOR	71.4167	132	131	128	159	96.9697	121.374	-24.4043	20	19	43	48	0.294118	0.693548	216.5833	411	409	417	418	101.46	102.201	-0.7406	35	46	147	155	0.1842	0.7617	-24.4043	0.294118	0.693548	-23.6637	0.1099	-0.0682	NULL	NULL
23	Camby, Marcus	DEN	184.4000	343	345	360	360	104.956	104.348	0.608442	53	53	135	123	0.301136	0.718085	55.6000	97	97	81	111	83.5052	114.433	-30.9278	27	18	29	37	0.4219	0.617	0.608442	0.301136	0.718085	31.5362	-0.1208	0.1011	NULL	NULL
24	Ginobili, Manu	SAS	602.2667	1161	1141	1264	1174	108.872	102.892	5.97946	152	162	398	406	0.272401	0.710714	357.7333	626	643	649	660	103.674	102.644	1.0303	96	122	248	231	0.2936	0.6703	5.97946	0.272401	0.710714	4.9492	-0.0212	0.0404	NULL	NULL
25	Anthony, Carmelo	DEN	210.1833	391	393	396	420	101.279	106.87	-5.59146	63	60	144	140	0.310345	0.705882	29.8167	49	49	45	51	91.8367	104.082	-12.2449	17	11	20	20	0.4595	0.6452	-5.59146	0.310345	0.705882	6.6534	-0.1492	0.0607	NULL	NULL
26	Duncan, Tim	SAS	736.5500	1367	1359	1485	1404	108.632	103.311	5.32078	196	219	506	490	0.285714	0.697931	223.4500	420	425	428	430	101.905	101.176	0.7283	52	65	140	147	0.2613	0.6829	5.32078	0.285714	0.697931	4.5925	0.0244	0.015	NULL	NULL
28	Bowen, Bruce	SAS	688.6000	1263	1270	1336	1298	105.78	102.205	3.57516	172	196	477	458	0.273016	0.708767	271.4000	524	514	577	536	110.115	104.28	5.8343	76	88	169	179	0.298	0.6576	3.57516	0.273016	0.708767	-2.2591	-0.025	0.0512	NULL	NULL
29	Finley, Michael	SAS	537.8500	1003	1002	1108	1043	110.469	104.092	6.37678	139	169	361	355	0.281377	0.681132	422.1500	784	782	805	791	102.679	101.151	1.5277	109	115	285	282	0.2788	0.7125	6.37678	0.281377	0.681132	4.8491	0.0026	-0.0314	NULL	NULL
30	Parker, Tony	SAS	750.6167	1413	1396	1533	1449	108.493	103.797	4.69601	179	222	499	495	0.265579	0.692094	209.3833	374	388	380	385	101.604	99.2268	2.3775	69	62	147	142	0.327	0.7033	4.69601	0.265579	0.692094	2.3185	-0.0614	-0.0112	NULL	NULL
32	Horry, Robert	SAS	360.9667	681	667	700	666	102.79	99.8501	2.93994	94	107	247	242	0.279762	0.69774	599.0333	1106	1117	1213	1168	109.674	104.566	5.1087	154	177	399	395	0.2805	0.6927	2.93994	0.279762	0.69774	-2.1688	-0.0007	0.005	NULL	NULL
33	Barry, Brent	SAS	224.8500	419	417	433	433	103.341	103.837	-0.495642	61	72	149	161	0.274775	0.674208	735.1500	1368	1367	1480	1401	108.187	102.487	5.6999	187	212	497	476	0.2821	0.701	-0.495642	0.274775	0.674208	-6.1955	-0.0073	-0.0268	NULL	NULL
34	Hilario, Nene	DEN	179.1333	328	326	315	347	96.0366	106.442	-10.4051	61	47	119	119	0.338889	0.716867	60.8667	112	116	126	124	112.5	106.897	5.6034	19	24	45	41	0.3167	0.6522	-10.4051	0.338889	0.716867	-16.0085	0.0222	0.0647	NULL	NULL
36	Najera, Eduardo	DEN	95.5833	168	175	171	200	101.786	114.286	-12.5	37	35	62	62	0.373737	0.639175	144.4167	272	267	270	271	99.2647	101.498	-2.2334	43	36	102	98	0.305	0.7391	-12.5	0.373737	0.639175	-10.2666	0.0687	-0.0999	NULL	NULL
37	Oberto, Fabricio	SAS	415.0667	768	767	851	763	110.807	99.4785	11.3288	102	128	281	273	0.272	0.687042	544.9333	1019	1017	1062	1071	104.22	105.31	-1.0899	146	156	365	364	0.2863	0.7006	11.3288	0.272	0.687042	12.4187	-0.0143	-0.0136	NULL	NULL
39	Buckner, Greg	DAL	43.6333	91	93	70	89	76.9231	95.6989	-18.7758	17	14	34	41	0.293103	0.708333	244.3667	474	471	521	542	109.916	115.074	-5.1587	84	68	161	154	0.3529	0.7031	-18.7758	0.293103	0.708333	-13.6171	-0.0598	0.0052	NULL	NULL
40	Mohammed, Nazr	DET	5.7333	12	11	9	4	75	36.3636	38.6364	3	2	6	3	0.5	0.75	772.2667	1382	1384	1453	1411	105.137	101.951	3.1866	223	234	494	505	0.3063	0.6786	38.6364	0.5	0.75	35.4498	0.1937	0.0714	NULL	NULL
41	Johnson, DerMarr	DEN	0.0000	0	0	0	0	NULL	NULL	NULL	0	0	0	0	NULL	NULL	240.0000	440	442	441	471	100.227	106.561	-6.33381	80	71	164	160	0.333333	0.697872	NULL	NULL	NULL	NULL	NULL	NULL	NULL	NULL
42	Elson, Francisco	SAS	229.9167	410	427	413	450	100.732	105.386	-4.65471	63	74	146	138	0.313433	0.663636	730.0833	1377	1357	1500	1384	108.933	101.99	6.9428	185	210	500	499	0.2705	0.7042	-4.65471	0.313433	0.663636	-11.5975	0.0429	-0.0406	NULL	NULL
44	Webber, Chris	DET	403.9667	715	707	763	760	106.713	107.496	-0.783177	116	112	239	259	0.309333	0.680912	374.0333	679	688	699	655	102.946	95.2035	7.742	110	124	261	249	0.3064	0.6779	-0.783177	0.309333	0.680912	-8.5252	0.0029	0.003	NULL	NULL
46	Iverson, Allen	DEN	223.3000	409	411	411	434	100.489	105.596	-5.10711	75	64	153	150	0.333333	0.705069	16.7000	31	31	30	37	96.7742	119.355	-22.5806	5	7	11	10	0.3333	0.6111	-5.10711	0.333333	0.705069	17.4735	0	0.094	NULL	NULL
47	Ford, T.J.	TOR	136.1833	260	260	251	281	96.5385	108.077	-11.5385	33	31	85	96	0.255814	0.732759	151.8167	283	280	294	296	103.887	105.714	-1.8274	22	34	105	107	0.1705	0.7554	-11.5385	0.255814	0.732759	-9.7111	0.0853	-0.0226	NULL	NULL
62	Wells, Bonzi	HOU	0.0000	0	0	0	0	NULL	NULL	NULL	0	0	0	0	NULL	NULL	336.0000	618	618	611	633	98.8673	102.427	-3.55987	79	92	229	231	0.254839	0.713396	NULL	NULL	NULL	NULL	NULL	NULL	NULL	NULL
63	Smith, J.R.	DEN	46.9167	91	87	74	102	81.3187	117.241	-35.9227	21	17	27	40	0.344262	0.613636	193.0833	349	355	367	369	105.158	103.944	1.2139	59	54	137	120	0.3296	0.7173	-35.9227	0.344262	0.613636	-37.1366	0.0147	-0.1037	NULL	NULL
66	Brown, Collier (P.J.)	CHI	227.5667	407	406	426	400	104.668	98.5222	6.14614	80	58	164	139	0.365297	0.738739	252.4333	489	490	498	513	101.84	104.694	-2.8534	69	76	168	174	0.284	0.6885	6.14614	0.365297	0.738739	8.9995	0.0813	0.0502	NULL	NULL
71	Nachbar, Bostjan	NJN	280.6833	536	527	552	560	102.985	106.262	-3.27678	59	62	195	180	0.246862	0.758755	295.3167	534	541	530	500	99.2509	92.4214	6.8295	68	77	213	214	0.2411	0.7345	-3.27678	0.246862	0.758755	-10.1063	0.0058	0.0243	NULL	NULL
87	Davis, Baron	GSW	444.7667	884	882	992	951	112.217	107.823	4.39407	114	158	270	337	0.252772	0.630841	88.2333	184	184	181	203	98.3696	110.326	-11.9565	30	43	53	52	0.3659	0.5521	4.39407	0.252772	0.630841	16.3506	-0.1131	0.0787	NULL	NULL
90	Richardson, Jason	GSW	427.9833	855	859	956	946	111.813	110.128	1.68481	120	158	261	310	0.27907	0.622912	105.0167	213	207	217	208	101.878	100.483	1.3948	24	43	62	79	0.233	0.5905	1.68481	0.27907	0.622912	0.29	0.0461	0.0324	NULL	NULL
93	Foyle, Adonal	GSW	5.8000	9	11	12	11	133.333	100	33.3333	1	1	5	3	0.25	0.833333	527.2000	1059	1055	1161	1143	109.632	108.341	1.2905	143	200	318	386	0.2703	0.6139	33.3333	0.25	0.833333	32.0428	-0.0203	0.2194	NULL	NULL
95	Harrington, Al	GSW	261.8833	533	526	580	563	108.818	107.034	1.78379	74	102	155	193	0.277154	0.603113	271.1167	535	540	593	591	110.841	109.444	1.3967	70	99	168	196	0.2632	0.6292	1.78379	0.277154	0.603113	0.3871	0.014	-0.0261	NULL	NULL
98	Pietrus, Mickael	GSW	209.1000	410	413	451	449	110	108.717	1.28329	59	86	122	149	0.283654	0.586538	323.9000	658	653	722	705	109.726	107.963	1.7632	85	115	201	240	0.2615	0.6361	1.28329	0.283654	0.586538	-0.4799	0.0222	-0.0496	NULL	NULL
101	Biedrins, Andris	GSW	267.5167	530	528	579	553	109.245	104.735	4.51043	69	95	168	196	0.260377	0.638783	265.4833	538	538	594	601	110.409	111.71	-1.3011	75	106	155	193	0.2799	0.5939	4.51043	0.260377	0.638783	5.8115	-0.0195	0.0449	NULL	NULL
103	Fisher, Derek	UTA	445.1500	851	846	879	875	103.29	103.428	-0.137649	124	96	296	284	0.303922	0.755102	375.8500	718	723	785	774	109.331	107.054	2.2775	142	99	273	223	0.389	0.7339	-0.137649	0.303922	0.755102	-2.4151	-0.0851	0.0212	NULL	NULL
107	Cabarkapa, Zarko	GSW	0.0000	0	0	0	0	NULL	NULL	NULL	0	0	0	0	NULL	NULL	533.0000	1068	1066	1173	1154	109.831	108.255	1.5763	144	201	323	389	0.270169	0.616412	NULL	NULL	NULL	NULL	NULL	NULL	NULL	NULL
110	Hinrich, Kirk	CHI	361.5833	676	677	712	711	105.325	105.022	0.303287	114	109	250	240	0.322034	0.696379	118.4167	220	219	212	202	96.3636	92.2374	4.1262	35	25	82	73	0.3241	0.7664	0.303287	0.322034	0.696379	-3.8229	-0.0021	-0.07	NULL	NULL
112	Nocioni, Andres	CHI	196.9833	383	379	386	377	100.783	99.4723	1.31099	57	50	137	137	0.293814	0.73262	283.0167	513	517	538	536	104.873	103.675	1.1982	92	84	195	176	0.3433	0.6989	1.31099	0.293814	0.73262	0.1128	-0.0495	0.0337	NULL	NULL
113	Duhon, Chris	CHI	172.2500	318	322	308	339	96.8553	105.28	-8.42416	47	45	107	111	0.297468	0.703947	307.7500	578	574	616	574	106.574	100	6.5744	102	89	225	202	0.3355	0.7166	-8.42416	0.297468	0.703947	-14.9986	-0.038	-0.0127	NULL	NULL
119	Gordon, Ben	CHI	395.2833	734	727	794	723	108.174	99.4498	8.72459	119	117	286	246	0.326027	0.709677	84.7167	162	169	130	190	80.2469	112.426	-32.1791	30	17	46	67	0.3093	0.7302	8.72459	0.326027	0.709677	40.9037	0.0167	-0.0205	NULL	NULL
120	Sweetney, Michael	CHI	3.3667	8	8	4	10	50	125	-75	0	0	3	4	0	1	476.6333	888	888	920	903	103.604	101.689	1.9144	149	134	329	309	0.3253	0.7106	-75	0	1	-76.9144	-0.3253	0.2894	NULL	NULL
121	Songaila, Darius	WAS	89.5333	171	170	175	212	102.339	124.706	-22.3667	20	23	48	74	0.212766	0.676056	102.4667	184	186	191	189	103.804	101.613	2.1914	26	36	65	83	0.2385	0.6436	-22.3667	0.212766	0.676056	-24.5581	-0.0257	0.0325	NULL	NULL
122	Deng, Luol	CHI	409.6667	760	759	798	780	105	102.767	2.2332	131	120	287	258	0.336761	0.70516	70.3333	136	137	126	133	92.6471	97.0803	-4.4332	18	14	45	55	0.2466	0.7627	2.2332	0.336761	0.70516	6.6664	0.0902	-0.0575	NULL	NULL
123	Ely, Melvin	SAS	0.0000	0	0	0	0	NULL	NULL	NULL	0	0	0	0	NULL	NULL	960.0000	1787	1784	1913	1834	107.051	102.803	4.24823	248	284	646	637	0.280226	0.694624	NULL	NULL	NULL	NULL	NULL	NULL	NULL	NULL
129	Jones, Jumaine	PHX	0.0000	0	0	0	0	NULL	NULL	NULL	0	0	0	0	NULL	NULL	528.0000	1035	1036	1145	1090	110.628	105.212	5.41566	140	156	373	354	0.283401	0.705104	NULL	NULL	NULL	NULL	NULL	NULL	NULL	NULL
130	Allen, Malik	CHI	34.4667	67	68	42	68	62.6866	100	-37.3134	14	8	23	37	0.27451	0.741935	445.5333	829	828	882	845	106.393	102.053	4.3401	135	126	309	276	0.3285	0.7103	-37.3134	0.27451	0.741935	-41.6535	-0.054	0.0316	NULL	NULL
131	Piatkowski, Eric	PHX	2.9500	5	6	8	7	160	116.667	43.3333	0	0	1	1	0	1	525.0500	1030	1030	1137	1083	110.388	105.146	5.2427	140	156	372	353	0.284	0.7045	43.3333	0	1	38.0906	-0.284	0.2955	NULL	NULL
132	Okur, Mehmet	UTA	585.4000	1123	1121	1182	1195	105.254	106.601	-1.34746	178	137	411	371	0.324226	0.75	235.6000	446	448	482	454	108.072	101.339	6.7325	88	58	158	136	0.3929	0.7315	-1.34746	0.324226	0.75	-8.08	-0.0687	0.0185	NULL	NULL
133	Giricek, Gordan	UTA	306.5000	589	588	607	599	103.056	101.871	1.18528	101	79	222	190	0.347079	0.737542	514.5000	980	981	1057	1050	107.857	107.034	0.8235	165	116	347	317	0.3423	0.7495	1.18528	0.347079	0.737542	0.3618	0.0048	-0.012	NULL	NULL
136	Kirilenko, Andrei	UTA	526.7833	1011	1013	1091	1088	107.913	107.404	0.509206	160	120	372	324	0.330579	0.756098	294.2167	558	556	573	561	102.688	100.899	1.7889	106	75	197	183	0.3668	0.7243	0.509206	0.330579	0.756098	-1.2797	-0.0362	0.0318	NULL	NULL
137	Collins, Jarron	UTA	109.6167	203	197	213	203	104.926	103.046	1.88042	36	25	70	70	0.339623	0.736842	711.3833	1366	1372	1451	1446	106.223	105.394	0.829	230	170	499	437	0.3448	0.7459	1.88042	0.339623	0.736842	1.0514	-0.0052	-0.0091	NULL	NULL
138	Harpring, Matt	UTA	433.1167	818	825	872	856	106.601	103.758	2.84389	155	109	290	260	0.373494	0.726817	387.8833	751	744	792	793	105.459	106.586	-1.1266	111	86	279	247	0.3101	0.7644	2.84389	0.373494	0.726817	3.9705	0.0634	-0.0376	NULL	NULL
139	Williams, Deron	UTA	657.0500	1262	1265	1346	1338	106.656	105.771	0.885351	206	149	460	410	0.334416	0.755337	163.9500	307	304	318	311	103.583	102.303	1.2804	60	46	109	97	0.3822	0.7032	0.885351	0.334416	0.755337	-0.395	-0.0478	0.0521	NULL	NULL
141	Humphries, Kris	TOR	68.9167	129	127	127	125	98.4496	98.4252	0.0244156	13	13	50	50	0.206349	0.793651	219.0833	414	413	418	452	100.966	109.443	-8.4769	42	52	140	153	0.2154	0.7292	0.0244156	0.206349	0.793651	8.5013	-0.0091	0.0645	NULL	NULL
144	Battie, Tony	ORL	86.7500	152	151	160	179	105.263	118.543	-13.2799	24	19	55	54	0.307692	0.743243	105.2500	190	191	192	209	101.053	109.424	-8.3715	33	34	69	68	0.3267	0.6699	-13.2799	0.307692	0.743243	-4.9084	-0.019	0.0733	NULL	NULL
147	Jackson, Stephen	GSW	453.5667	915	907	994	980	108.634	108.049	0.585368	117	165	282	335	0.25885	0.630872	79.4333	153	159	179	174	116.993	109.434	7.5595	27	36	41	54	0.3333	0.5325	0.585368	0.25885	0.630872	-6.9741	-0.0745	0.0984	NULL	NULL
148	Stevenson, DeShawn	WAS	122.1167	219	221	210	239	95.8904	108.145	-12.2544	33	40	71	107	0.235714	0.63964	69.8833	136	135	156	162	114.706	120	-5.2941	13	19	42	50	0.2063	0.6885	-12.2544	0.235714	0.63964	-6.9603	0.0294	-0.0489	NULL	NULL
149	Howard, Dwight	ORL	167.4500	296	297	294	335	99.3243	112.795	-13.4703	48	49	107	106	0.311688	0.685897	24.5500	46	45	58	53	126.087	117.778	8.3092	9	4	17	16	0.36	0.8095	-13.4703	0.311688	0.685897	-21.7795	-0.0483	-0.1236	NULL	NULL
150	Croshere, Austin	DAL	33.5333	64	62	65	85	101.563	137.097	-35.5343	9	8	18	22	0.290323	0.692308	254.4667	501	502	526	546	104.99	108.765	-3.7749	92	74	177	173	0.3472	0.7052	-35.5343	0.290323	0.692308	-31.7594	-0.0569	-0.0129	NULL	NULL
151	Turkoglu, Hedo	ORL	155.6667	279	280	290	329	103.943	117.5	-13.5573	41	37	98	99	0.292857	0.725926	36.3333	63	62	62	59	98.4127	95.1613	3.2514	16	16	26	23	0.4103	0.619	-13.5573	0.292857	0.725926	-16.8087	-0.1174	0.1069	NULL	NULL
153	Jasikevicius, Sarunas	GSW	5.9333	10	12	9	8	90	66.6667	23.3333	2	0	7	5	0.285714	1	527.0667	1058	1054	1164	1146	110.019	108.729	1.2903	142	201	316	384	0.27	0.6112	23.3333	0.285714	1	22.043	0.0157	0.3888	NULL	NULL
156	Outlaw, Bo	ORL	0.0000	0	0	0	0	NULL	NULL	NULL	0	0	0	0	NULL	NULL	192.0000	342	342	352	388	102.924	113.45	-10.5263	57	53	124	122	0.318436	0.700565	NULL	NULL	NULL	NULL	NULL	NULL	NULL	NULL
158	Nelson, Jameer	ORL	129.1000	233	230	244	272	104.721	118.261	-13.5398	41	29	81	80	0.338843	0.736364	62.9000	109	112	108	116	99.0826	103.571	-4.4889	16	24	43	42	0.2759	0.6418	-13.5398	0.338843	0.736364	-9.0509	0.0629	0.0946	NULL	NULL
161	Garrity, Pat	ORL	0.0000	0	0	0	0	NULL	NULL	NULL	0	0	0	0	NULL	NULL	192.0000	342	342	352	388	102.924	113.45	-10.5263	57	53	124	122	0.318436	0.700565	NULL	NULL	NULL	NULL	NULL	NULL	NULL	NULL
163	Evans, Reggie	DEN	0.0000	0	0	0	0	NULL	NULL	NULL	0	0	0	0	NULL	NULL	240.0000	440	442	441	471	100.227	106.561	-6.33381	80	71	164	160	0.333333	0.697872	NULL	NULL	NULL	NULL	NULL	NULL	NULL	NULL
174	Murray, Ronald (Flip)	DET	135.8500	242	243	237	247	97.9339	101.646	-3.71221	33	39	81	93	0.261905	0.675	642.1500	1152	1152	1225	1168	106.337	101.389	4.9479	193	197	419	415	0.3174	0.6802	-3.71221	0.261905	0.675	-8.6601	-0.0555	-0.0052	NULL	NULL
180	Radmanovic, Vladimir	LAL	0.0000	0	0	0	0	NULL	NULL	NULL	0	0	0	0	NULL	NULL	240.0000	472	474	490	542	103.814	114.346	-10.5324	80	69	160	171	0.318725	0.69869	NULL	NULL	NULL	NULL	NULL	NULL	NULL	NULL
185	Parker, William (Smush)	LAL	58.8667	117	118	109	119	93.1624	100.847	-7.68506	26	20	44	39	0.4	0.6875	181.1333	355	356	381	423	107.324	118.82	-11.4963	54	49	116	132	0.2903	0.703	-7.68506	0.4	0.6875	3.8112	0.1097	-0.0155	NULL	NULL
186	Bryant, Kobe	LAL	214.7333	422	426	445	490	105.45	115.023	-9.57324	69	59	141	153	0.310811	0.705	25.2667	50	48	45	52	90	108.333	-18.3333	11	10	19	18	0.3793	0.6552	-9.57324	0.310811	0.705	8.7601	-0.0685	0.0498	NULL	NULL
187	Odom, Lamar	LAL	191.8667	373	378	375	429	100.536	113.492	-12.9559	67	55	129	139	0.325243	0.701087	48.1333	99	96	115	113	116.162	117.708	-1.5467	13	14	31	32	0.2889	0.6889	-12.9559	0.325243	0.701087	-11.4092	0.0363	0.0122	NULL	NULL
188	Mihm, Chris	LAL	0.0000	0	0	0	0	NULL	NULL	NULL	0	0	0	0	NULL	NULL	240.0000	472	474	490	542	103.814	114.346	-10.5324	80	69	160	171	0.318725	0.69869	NULL	NULL	NULL	NULL	NULL	NULL	NULL	NULL
189	Brown, Kwame	LAL	132.9333	259	260	276	292	106.564	112.308	-5.74399	49	36	93	91	0.35	0.72093	107.0667	213	214	214	250	100.469	116.822	-16.3529	31	33	67	80	0.2793	0.67	-5.74399	0.35	0.72093	10.6089	0.0707	0.0509	NULL	NULL
190	George, Devean	DAL	109.3333	217	219	221	235	101.843	107.306	-5.46262	41	30	73	73	0.359649	0.708738	178.6667	348	345	370	396	106.322	114.783	-8.4608	60	52	122	122	0.3297	0.7011	-5.46262	0.359649	0.708738	2.9982	0.0299	0.0076	NULL	NULL
191	Cook, Brian	LAL	51.1333	98	97	121	115	123.469	118.557	4.91269	15	17	31	31	0.326087	0.645833	188.8667	374	377	369	427	98.6631	113.263	-14.5995	65	52	129	140	0.3171	0.7127	4.91269	0.326087	0.645833	19.5122	0.009	-0.0669	NULL	NULL
192	McKie, Aaron	LAL	0.0000	0	0	0	0	NULL	NULL	NULL	0	0	0	0	NULL	NULL	240.0000	472	474	490	542	103.814	114.346	-10.5324	80	69	160	171	0.318725	0.69869	NULL	NULL	NULL	NULL	NULL	NULL	NULL	NULL
193	Vujacic, Sasha	LAL	42.9000	84	84	88	94	104.762	111.905	-7.14286	7	16	29	30	0.189189	0.644444	197.1000	388	390	402	448	103.608	114.872	-11.2635	73	53	131	141	0.3411	0.712	-7.14286	0.189189	0.644444	4.1206	-0.1519	-0.0676	NULL	NULL
194	Bynum, Andrew	LAL	54.9833	111	112	108	121	97.2973	108.036	-10.7384	19	15	43	41	0.316667	0.741379	185.0167	361	362	382	421	105.817	116.298	-10.4812	61	54	117	130	0.3194	0.6842	-10.7384	0.316667	0.741379	-0.2572	-0.0027	0.0572	NULL	NULL
196	Williams, Jason	MIA	111.6000	214	213	216	239	100.935	112.207	-11.272	21	31	67	85	0.198113	0.683673	80.4000	150	151	139	160	92.6667	105.96	-13.2936	21	24	53	57	0.2692	0.6883	-11.272	0.198113	0.683673	2.0216	-0.0711	-0.0046	NULL	NULL
198	Battier, Shane	HOU	271.8333	507	508	498	523	98.2249	102.953	-4.7279	60	74	180	184	0.245902	0.708661	64.1667	111	110	113	110	101.802	100	1.8018	19	18	49	47	0.2879	0.7313	-4.7279	0.245902	0.708661	-6.5297	-0.042	-0.0226	NULL	NULL
200	Walker, Antoine	MIA	92.2167	173	172	176	168	101.734	97.6744	4.05969	16	34	57	65	0.197531	0.626374	99.7833	191	192	179	231	93.7173	120.313	-26.5952	26	21	63	77	0.2524	0.75	4.05969	0.197531	0.626374	30.6549	-0.0549	-0.1236	NULL	NULL
201	Haslem, Udonis	MIA	102.9000	198	200	195	235	98.4848	117.5	-19.0152	26	25	67	77	0.252427	0.728261	89.1000	166	164	160	164	96.3855	100	-3.6145	16	30	53	65	0.1975	0.6386	-19.0152	0.252427	0.728261	-15.4007	0.0549	0.0897	NULL	NULL
202	Jones, Eddie	MIA	66.4500	132	132	122	139	92.4242	105.303	-12.8788	15	22	41	55	0.214286	0.650794	125.5500	232	232	233	260	100.431	112.069	-11.6379	27	33	79	87	0.2368	0.7054	-12.8788	0.214286	0.650794	-1.2409	-0.0225	-0.0546	NULL	NULL
203	O'Neal, Shaquille	MIA	120.8667	225	226	207	254	92	112.389	-20.3894	29	29	74	97	0.230159	0.718447	71.1333	139	138	148	145	106.475	105.073	1.4024	13	26	46	45	0.2241	0.6389	-20.3894	0.230159	0.718447	-21.7918	0.0061	0.0795	NULL	NULL
204	Wade, Dwayne	MIA	161.8000	308	307	301	341	97.7273	111.075	-13.3476	40	49	98	119	0.251572	0.666667	30.2000	56	57	54	58	96.4286	101.754	-5.3258	2	6	22	23	0.08	0.7857	-13.3476	0.251572	0.666667	-8.0218	0.1716	-0.119	NULL	NULL
206	Mourning, Alonzo	MIA	55.2667	101	106	101	116	100	109.434	-9.43396	9	19	38	36	0.2	0.666667	136.7333	263	258	254	283	96.5779	109.69	-13.112	33	36	82	106	0.2374	0.6949	-9.43396	0.2	0.666667	3.678	-0.0374	-0.0282	NULL	NULL
207	Payton, Gary	MIA	31.8833	56	57	50	62	89.2857	108.772	-19.4862	5	3	24	22	0.185185	0.888889	160.1167	308	307	305	337	99.026	109.772	-10.746	37	52	96	120	0.2357	0.6486	-19.4862	0.185185	0.888889	-8.7402	-0.0505	0.2403	NULL	NULL
208	Tsakalidis, Jake	HOU	2.8167	6	5	12	2	200	40	160	3	0	4	0	1	1	333.1833	612	613	599	631	97.8758	102.936	-5.0606	76	92	225	231	0.2476	0.7098	160	1	1	165.061	0.7524	0.2902	NULL	NULL
211	Kapono, Jason	MIA	76.9167	150	143	136	160	90.6667	111.888	-21.2214	17	22	43	53	0.242857	0.661538	115.0833	214	221	219	239	102.336	108.145	-5.8083	25	33	77	89	0.2193	0.7	-21.2214	0.242857	0.661538	-15.4131	0.0236	-0.0385	NULL	NULL
214	Wright, Dorell	MIA	0.7833	1	1	0	2	0	200	-200	0	0	0	1	0	NULL	191.2167	363	363	355	397	97.7961	109.366	-11.5702	42	55	120	141	0.2295	0.6857	-200	0	NULL	-188.43	-0.2295	NULL	NULL	NULL
215	Barron, Earl	MIA	0.0000	0	0	0	0	NULL	NULL	NULL	0	0	0	0	NULL	NULL	192.0000	364	364	355	399	97.5275	109.615	-12.0879	42	55	120	142	0.228261	0.685714	NULL	NULL	NULL	NULL	NULL	NULL	NULL	NULL
216	Simien, Wayne	MIA	0.0000	0	0	0	0	NULL	NULL	NULL	0	0	0	0	NULL	NULL	192.0000	364	364	355	399	97.5275	109.615	-12.0879	42	55	120	142	0.228261	0.685714	NULL	NULL	NULL	NULL	NULL	NULL	NULL	NULL
220	Krstic, Nenad	NJN	0.0000	0	0	0	0	NULL	NULL	NULL	0	0	0	0	NULL	NULL	576.0000	1070	1068	1082	1060	101.121	99.2509	1.87056	127	139	408	394	0.243762	0.745887	NULL	NULL	NULL	NULL	NULL	NULL	NULL	NULL
221	Jefferson, Richard	NJN	488.7667	903	905	930	909	102.99	100.442	2.54804	108	115	347	333	0.244898	0.751082	87.2333	167	163	152	151	91.018	92.638	-1.6201	19	24	61	61	0.2375	0.7176	2.54804	0.244898	0.751082	4.1681	0.0074	0.0335	NULL	NULL
222	Kidd, Jason	NJN	484.0333	905	890	936	872	103.425	97.9775	5.44789	112	117	350	330	0.253394	0.749465	91.9667	165	178	146	188	88.4848	105.618	-17.1331	15	22	58	64	0.1899	0.725	5.44789	0.253394	0.749465	22.581	0.0635	0.0245	NULL	NULL
223	Collins, Jason	NJN	328.8833	597	604	606	579	101.508	95.8609	5.64661	85	81	234	229	0.270701	0.742857	247.1167	473	464	476	481	100.634	103.664	-3.0295	42	58	174	165	0.2029	0.75	5.64661	0.270701	0.742857	8.6761	0.0678	-0.0071	NULL	NULL
224	Carter, Vince	NJN	487.2167	901	899	921	884	102.22	98.3315	3.88828	107	114	349	337	0.240991	0.75378	88.7833	169	169	161	176	95.2663	104.142	-8.8757	20	25	59	57	0.2597	0.7024	3.88828	0.240991	0.75378	12.764	-0.0187	0.0514	NULL	NULL
228	Robinson, Clifford	NJN	25.7333	51	51	38	54	74.5098	105.882	-31.3725	1	5	15	23	0.0416667	0.75	550.2667	1019	1017	1044	1006	102.453	98.9184	3.535	126	134	393	371	0.2535	0.7457	-31.3725	0.0416667	0.75	-34.9075	-0.2118	0.0043	NULL	NULL
231	Vaughn, Jacque	SAS	207.7167	371	389	375	389	101.078	100	1.07817	66	58	148	141	0.318841	0.718447	752.2833	1416	1395	1538	1445	108.616	103.584	5.0316	182	226	498	496	0.2684	0.6878	1.07817	0.318841	0.718447	-3.9534	0.0504	0.0306	NULL	NULL
232	Padgett, Scott	HOU	0.0000	0	0	0	0	NULL	NULL	NULL	0	0	0	0	NULL	NULL	336.0000	618	618	611	633	98.8673	102.427	-3.55987	79	92	229	231	0.254839	0.713396	NULL	NULL	NULL	NULL	NULL	NULL	NULL	NULL
241	Barnes, Matt	GSW	329.5833	663	663	750	732	113.122	110.407	2.71493	93	139	191	233	0.285276	0.578788	203.4167	405	403	423	422	104.444	104.715	-0.2702	51	62	132	156	0.2464	0.6804	2.71493	0.285276	0.578788	2.9851	0.0389	-0.1016	NULL	NULL
245	Ariza, Trevor	ORL	47.2333	80	84	68	84	85	100	-15	17	18	34	32	0.346939	0.653846	144.7667	262	258	284	304	108.397	117.829	-9.4325	40	35	90	90	0.3077	0.72	-15	0.346939	0.653846	-5.5675	0.0392	-0.0662	NULL	NULL
257	Gooden, Drew	CLE	605.4500	1080	1088	1106	1110	102.407	102.022	0.385349	167	151	442	397	0.296099	0.745363	364.5500	655	651	670	623	102.29	95.6989	6.5912	120	85	240	248	0.3261	0.7385	0.385349	0.296099	0.745363	-6.2059	-0.03	0.0069	NULL	NULL
258	Ilgauskas, Zydrunas	CLE	648.7000	1150	1138	1166	1211	101.391	106.415	-5.02346	187	149	437	427	0.30456	0.745734	321.3000	585	601	610	522	104.273	86.8552	17.4183	100	87	245	218	0.3145	0.738	-5.02346	0.30456	0.745734	-22.4418	-0.0099	0.0077	NULL	NULL
260	James, LeBron	CLE	892.9833	1595	1598	1646	1575	103.197	98.5607	4.63679	260	212	634	583	0.308422	0.749409	77.0167	140	141	130	158	92.8571	112.057	-19.1996	27	24	48	62	0.3034	0.6667	4.63679	0.308422	0.749409	23.8364	0.005	0.0827	NULL	NULL
261	Hughes, Larry	CLE	638.8333	1153	1155	1162	1173	100.781	101.558	-0.777869	185	166	451	414	0.308848	0.730956	331.1667	582	584	614	560	105.498	95.8904	9.6079	102	70	231	231	0.3063	0.7674	-0.777869	0.308848	0.730956	-10.3858	0.0025	-0.0364	NULL	NULL
262	Snow, Eric	CLE	243.4333	431	468	412	453	95.5916	96.7949	-1.20322	79	58	174	163	0.326446	0.75	726.5667	1304	1271	1364	1280	104.601	100.708	3.8931	208	178	508	482	0.3014	0.7405	-1.20322	0.326446	0.75	-5.0963	0.025	0.0095	NULL	NULL
263	Marshall, Donyell	CLE	203.6000	370	363	392	341	105.946	93.9394	12.0066	70	49	138	140	0.333333	0.737968	766.4000	1365	1376	1384	1392	101.392	101.163	0.2292	217	187	544	505	0.3006	0.7442	12.0066	0.333333	0.737968	11.7774	0.0327	-0.0062	NULL	NULL
264	Jones, Damon	CLE	139.1500	250	237	280	216	112	91.1392	20.8608	37	36	101	97	0.276119	0.737226	830.8500	1485	1502	1496	1517	100.741	100.999	-0.2579	250	200	581	548	0.3133	0.7439	20.8608	0.276119	0.737226	21.1187	-0.0372	-0.0067	NULL	NULL
265	Pavlovic, Sasha	CLE	615.6333	1103	1104	1098	1133	99.5467	102.627	-3.08012	176	146	430	427	0.291874	0.746528	354.3667	632	635	678	600	107.279	94.4882	12.7903	111	90	252	218	0.3374	0.7368	-3.08012	0.291874	0.746528	-15.8704	-0.0455	0.0097	NULL	NULL
269	Jackson, Luke	TOR	11.3333	22	21	28	14	127.273	66.6667	60.6061	4	0	8	5	0.444444	1	276.6667	521	519	517	563	99.2322	108.478	-9.2456	51	65	182	198	0.2048	0.7368	60.6061	0.444444	1	69.8517	0.2396	0.2632	NULL	NULL
270	Hamilton, Richard	DET	638.0667	1150	1148	1216	1177	105.739	102.526	3.213	200	198	409	414	0.325733	0.673806	139.9333	244	247	246	238	100.82	96.3563	4.4634	26	38	91	94	0.2167	0.7054	3.213	0.325733	0.673806	-1.2504	0.109	-0.0316	NULL	NULL
271	Billups, Chauncey	DET	648.8333	1173	1160	1267	1158	108.014	99.8276	8.18605	180	197	419	419	0.300501	0.680195	129.1667	221	235	195	257	88.2353	109.362	-21.1264	46	39	81	89	0.3407	0.675	8.18605	0.300501	0.680195	29.3125	-0.0402	0.0052	NULL	NULL
272	Prince, Tayshaun	DET	664.9167	1192	1188	1297	1189	108.809	100.084	8.72455	184	197	437	425	0.302135	0.689274	113.0833	202	207	165	226	81.6832	109.179	-27.4956	42	39	63	83	0.336	0.6176	8.72455	0.302135	0.689274	36.2201	-0.0339	0.0717	NULL	NULL
273	Wallace, Ben	CHI	369.3500	683	687	732	708	107.174	103.057	4.11746	108	107	257	233	0.316716	0.706044	110.6500	213	209	192	205	90.1408	98.0861	-7.9453	41	27	75	80	0.3388	0.7353	4.11746	0.316716	0.706044	12.0628	-0.0221	-0.0293	NULL	NULL
274	Wallace, Rasheed	DET	572.8333	1022	1015	1114	1021	109.002	100.591	8.41082	155	176	366	373	0.293561	0.675277	205.1667	372	380	348	394	93.5484	103.684	-10.1358	71	60	134	135	0.3447	0.6907	8.41082	0.293561	0.675277	18.5466	-0.0511	-0.0154	NULL	NULL
275	McDyess, Antonio	DET	353.9333	631	631	612	614	96.9889	97.3059	-0.316957	118	108	240	240	0.329609	0.689655	424.0667	763	764	850	801	111.402	104.843	6.5594	108	128	260	268	0.2872	0.6701	-0.316957	0.329609	0.689655	-6.8764	0.0424	0.0196	NULL	NULL
276	Evans, Maurice	LAL	82.3500	171	165	162	187	94.7368	113.333	-18.5965	30	23	59	66	0.3125	0.719512	157.6500	301	309	328	355	108.97	114.887	-5.9166	50	46	101	105	0.3226	0.6871	-18.5965	0.3125	0.719512	-12.6799	-0.0101	0.0324	NULL	NULL
277	Arroyo, Carlos	ORL	40.2333	67	68	71	71	105.97	104.412	1.55838	11	18	28	28	0.282051	0.608696	151.7667	275	274	281	317	102.182	115.693	-13.5116	46	35	96	94	0.3286	0.7328	1.55838	0.282051	0.608696	15.07	-0.0465	-0.1241	NULL	NULL
278	Milicic, Darko	ORL	114.6167	207	205	224	222	108.213	108.293	-0.0801226	37	36	77	73	0.336364	0.681416	77.3833	135	137	128	166	94.8148	121.168	-26.3531	20	17	47	49	0.2899	0.7344	-0.0801226	0.336364	0.681416	26.273	0.0465	-0.053	NULL	NULL
279	Delfino, Carlos	DET	134.9167	244	252	210	277	86.0656	109.921	-23.8551	42	48	79	92	0.313433	0.622047	643.0833	1150	1143	1252	1138	108.87	99.5626	9.307	184	188	421	416	0.3067	0.6913	-23.8551	0.313433	0.622047	-33.1621	0.0067	-0.0693	NULL	NULL
280	Maxiell, Jason	DET	146.4333	264	274	278	284	105.303	103.65	1.6534	39	41	98	88	0.307087	0.705036	631.5667	1130	1121	1184	1131	104.779	100.892	3.8867	187	195	402	420	0.3081	0.6734	1.6534	0.307087	0.705036	-2.2333	-0.001	0.0316	NULL	NULL
295	Dixon, Juan	TOR	62.8000	127	126	107	129	84.252	102.381	-18.129	12	17	44	50	0.193548	0.721311	225.2000	416	414	438	448	105.288	108.213	-2.9241	43	48	146	153	0.2194	0.7526	-18.129	0.193548	0.721311	-15.2049	-0.0259	-0.0313	NULL	NULL
298	Carter, Anthony	DEN	13.9833	23	24	28	35	121.739	145.833	-24.0942	2	2	6	6	0.25	0.75	226.0167	417	418	413	436	99.0408	104.306	-5.2655	78	69	158	154	0.3362	0.696	-24.0942	0.25	0.75	-18.8287	-0.0862	0.054	NULL	NULL
302	Ming, Yao	HOU	260.3333	486	480	472	500	97.1193	104.167	-7.04733	52	72	175	175	0.229075	0.708502	75.6667	132	138	139	133	105.303	96.3768	8.9262	27	20	54	56	0.3253	0.7297	-7.04733	0.229075	0.708502	-15.9735	-0.0962	-0.0212	NULL	NULL
304	Howard, Juwan	HOU	156.8833	278	279	284	286	102.158	102.509	-0.350687	42	47	110	103	0.289655	0.700637	179.1167	340	339	327	347	96.1765	102.36	-6.1834	37	45	119	128	0.2242	0.7256	-0.350687	0.289655	0.700637	5.8327	0.0655	-0.025	NULL	NULL
305	McGrady, Tracy	HOU	279.9333	517	515	512	541	99.0329	105.049	-6.01566	67	70	185	198	0.25283	0.72549	56.0667	101	103	99	92	98.0198	89.3204	8.6994	12	22	44	33	0.2667	0.6667	-6.01566	0.25283	0.72549	-14.7151	-0.0139	0.0588	NULL	NULL
308	Alston, Rafer	HOU	308.7000	572	570	568	575	99.3007	100.877	-1.57649	71	78	217	215	0.248252	0.735593	27.3000	46	48	43	58	93.4783	120.833	-27.3551	8	14	12	16	0.3333	0.4615	-1.57649	0.248252	0.735593	25.7786	-0.085	0.2741	NULL	NULL
309	Wesley, David	CLE	0.0000	0	0	0	0	NULL	NULL	NULL	0	0	0	0	NULL	NULL	970.0000	1735	1739	1776	1733	102.363	99.655	2.70814	287	236	682	645	0.30794	0.742919	NULL	NULL	NULL	NULL	NULL	NULL	NULL	NULL
312	Mutombo, Dikembe	HOU	40.3667	71	72	70	77	98.5916	106.944	-8.35289	12	10	30	28	0.3	0.75	295.6333	547	546	541	556	98.9031	101.831	-2.9284	67	82	199	203	0.2481	0.7082	-8.35289	0.3	0.75	-5.4245	0.0519	0.0418	NULL	NULL
313	Arenas, Gilbert	WAS	0.0000	0	0	0	0	NULL	NULL	NULL	0	0	0	0	NULL	NULL	192.0000	355	356	366	401	103.099	112.64	-9.54186	46	59	113	157	0.226601	0.656977	NULL	NULL	NULL	NULL	NULL	NULL	NULL	NULL
314	Rose, Jalen	PHX	8.8667	15	15	19	22	126.667	146.667	-20	4	2	3	3	0.571429	0.6	519.1333	1020	1021	1126	1068	110.392	104.603	5.7888	136	154	370	351	0.2793	0.7061	-20	0.571429	0.6	-25.7888	0.2921	-0.1061	NULL	NULL
316	Jamison, Antawn	WAS	172.5667	323	324	335	368	103.715	113.58	-9.86508	42	52	98	143	0.227027	0.653333	19.4333	32	32	31	33	96.875	103.125	-6.25	4	7	15	14	0.2222	0.6818	-9.86508	0.227027	0.653333	-3.6151	0.0048	-0.0285	NULL	NULL
317	Graham, Joey	TOR	109.2833	203	205	202	212	99.5074	103.415	-3.90724	19	22	79	82	0.188119	0.782178	178.7167	340	335	343	365	100.882	108.955	-8.0729	36	43	111	121	0.2293	0.7208	-3.90724	0.188119	0.782178	4.1657	-0.0412	0.0614	NULL	NULL
319	Bosh, Chris	TOR	222.2667	419	416	415	444	99.0453	106.731	-7.68542	47	55	146	158	0.229268	0.726368	65.7333	124	124	130	133	104.839	107.258	-2.4194	8	10	44	45	0.1509	0.8148	-7.68542	0.229268	0.726368	-5.266	0.0784	-0.0884	NULL	NULL
321	Daniels, Antonio	WAS	175.6500	325	324	343	366	105.538	112.963	-7.4245	38	57	102	144	0.208791	0.641509	16.3500	30	32	23	35	76.6667	109.375	-32.7083	8	2	11	13	0.381	0.8462	-7.4245	0.208791	0.641509	25.2838	-0.1722	-0.2047	NULL	NULL
322	Haywood, Brendan	WAS	33.6000	59	62	64	77	108.475	124.194	-15.719	8	11	17	26	0.235294	0.607143	158.4000	296	294	302	324	102.027	110.204	-8.1771	38	48	96	131	0.2249	0.6667	-15.719	0.235294	0.607143	-7.5419	0.0104	-0.0596	NULL	NULL
323	Thomas, Etan	WAS	83.6500	152	151	152	165	100	109.272	-9.27152	14	30	52	66	0.175	0.634146	108.3500	203	205	214	236	105.419	115.122	-9.7032	32	29	61	91	0.2602	0.6778	-9.27152	0.175	0.634146	0.4317	-0.0852	-0.0437	NULL	NULL
324	Butler, Caron	WAS	0.0000	0	0	0	0	NULL	NULL	NULL	0	0	0	0	NULL	NULL	192.0000	355	356	366	401	103.099	112.64	-9.54186	46	59	113	157	0.226601	0.656977	NULL	NULL	NULL	NULL	NULL	NULL	NULL	NULL
325	Araujo, Rafael	UTA	27.7500	49	49	56	57	114.286	116.327	-2.04082	11	7	16	16	0.407407	0.695652	793.2500	1520	1520	1608	1592	105.789	104.737	1.0526	255	188	553	491	0.3418	0.7463	-2.04082	0.407407	0.695652	-3.0934	0.0656	-0.0506	NULL	NULL
326	Peterson, Morris	TOR	183.4167	344	343	372	360	108.14	104.956	3.18327	37	35	115	122	0.232704	0.766667	104.5833	199	197	173	217	86.9347	110.152	-23.2176	18	30	75	81	0.1818	0.7143	3.18327	0.232704	0.766667	26.4009	0.0509	0.0524	NULL	NULL
328	Hayes, Jarvis	WAS	138.7667	260	261	268	284	103.077	108.812	-5.73534	30	43	86	120	0.2	0.666667	53.2333	95	95	98	117	103.158	123.158	-20	16	16	27	37	0.3019	0.6279	-5.73534	0.2	0.666667	14.2647	-0.1019	0.0388	NULL	NULL
329	Ruffin, Michael	WAS	28.1167	46	48	46	48	100	100	0	12	5	15	22	0.352941	0.75	163.8833	309	308	320	353	103.56	114.61	-11.0505	34	54	98	135	0.2012	0.6447	0	0.352941	0.75	11.0505	0.1517	0.1053	NULL	NULL
330	Bonner, Matt	SAS	25.3667	44	45	35	52	79.5455	115.556	-36.0101	10	7	9	16	0.384615	0.5625	934.6333	1743	1739	1878	1782	107.745	102.473	5.2726	238	277	637	621	0.2771	0.6969	-36.0101	0.384615	0.5625	-41.2827	0.1075	-0.1344	NULL	NULL
331	Calderon, Jose	TOR	145.5333	271	269	279	288	102.952	107.063	-4.11117	20	33	99	103	0.162602	0.75	142.4667	272	271	266	289	97.7941	106.642	-8.8479	35	32	91	100	0.2593	0.7398	-4.11117	0.162602	0.75	4.7367	-0.0967	0.0102	NULL	NULL
344	Udrih, Beno	SAS	20.2333	35	40	32	49	91.4286	122.5	-31.0714	6	6	9	10	0.375	0.6	939.7667	1752	1744	1881	1785	107.363	102.351	5.0121	242	278	637	627	0.2785	0.6962	-31.0714	0.375	0.6	-36.0835	0.0965	-0.0962	NULL	NULL
349	Dupree, Ronald	DET	0.0000	0	0	0	0	NULL	NULL	NULL	0	0	0	0	NULL	NULL	778.0000	1394	1395	1462	1415	104.878	101.434	3.44436	226	236	500	508	0.307902	0.679348	NULL	NULL	NULL	NULL	NULL	NULL	NULL	NULL
355	Blake, Steve	DEN	179.7667	332	333	342	342	103.012	102.703	0.309345	59	50	129	118	0.333333	0.72067	60.2333	108	109	99	129	91.6667	118.349	-26.682	21	21	35	42	0.3333	0.625	0.309345	0.333333	0.72067	26.9913	0	0.0957	NULL	NULL
366	Bogans, Keith	ORL	0.0000	0	0	0	0	NULL	NULL	NULL	0	0	0	0	NULL	NULL	192.0000	342	342	352	388	102.924	113.45	-10.5263	57	53	124	122	0.318436	0.700565	NULL	NULL	NULL	NULL	NULL	NULL	NULL	NULL
372	Head, Luther	HOU	141.4167	254	256	250	251	98.4252	98.0469	0.378322	31	52	103	100	0.236641	0.664516	194.5833	364	362	361	382	99.1758	105.525	-6.349	48	40	126	131	0.2682	0.759	0.378322	0.236641	0.664516	6.7273	-0.0316	-0.0945	NULL	NULL
373	Booth, Calvin	WAS	18.3500	31	33	35	34	112.903	103.03	9.87292	5	3	13	9	0.357143	0.8125	173.6500	324	323	331	367	102.16	113.622	-11.4618	41	56	100	148	0.2169	0.641	9.87292	0.357143	0.8125	21.3347	0.1402	0.1715	NULL	NULL
391	Taylor, Donell	WAS	17.1833	32	32	30	30	93.75	93.75	0	7	3	14	12	0.368421	0.823529	174.8167	323	324	336	371	104.025	114.506	-10.4814	39	56	99	145	0.212	0.6387	0	0.368421	0.823529	10.4814	0.1564	0.1848	NULL	NULL
392	Pollard, Scot	CLE	2.8000	5	4	6	5	120	125	-5	1	0	2	2	0.333333	1	967.2000	1730	1735	1770	1728	102.312	99.5965	2.7156	286	236	680	643	0.3079	0.7424	-5	0.333333	1	-7.7156	0.0254	0.2576	NULL	NULL
397	Sampson, Jamal	DEN	0.0000	0	0	0	0	NULL	NULL	NULL	0	0	0	0	NULL	NULL	240.0000	440	442	441	471	100.227	106.561	-6.33381	80	71	164	160	0.333333	0.697872	NULL	NULL	NULL	NULL	NULL	NULL	NULL	NULL
399	Burke, Pat	PHX	7.0667	12	12	15	16	125	133.333	-8.33333	1	3	2	4	0.2	0.4	520.9333	1023	1024	1130	1074	110.459	104.883	5.5766	139	153	371	350	0.2843	0.708	-8.33333	0.2	0.4	-13.9099	-0.0843	-0.308	NULL	NULL
401	Posey, James	MIA	138.5333	261	262	271	277	103.831	105.725	-1.89377	32	41	91	99	0.244275	0.689394	53.4667	103	102	84	122	81.5534	119.608	-38.0544	10	14	29	43	0.1887	0.6744	-1.89377	0.244275	0.689394	36.1606	0.0556	0.015	NULL	NULL
402	Robinson, Bernard	NJN	0.0000	0	0	0	0	NULL	NULL	NULL	0	0	0	0	NULL	NULL	576.0000	1070	1068	1082	1060	101.121	99.2509	1.87056	127	139	408	394	0.243762	0.745887	NULL	NULL	NULL	NULL	NULL	NULL	NULL	NULL
405	Davis, Dale	DET	51.3500	92	96	96	93	104.348	96.875	7.47283	18	17	36	36	0.333333	0.679245	726.6500	1302	1299	1366	1322	104.915	101.771	3.1449	208	219	464	472	0.3059	0.6794	7.47283	0.333333	0.679245	4.3279	0.0274	-0.0002	NULL	NULL
410	Marks, Sean	PHX	0.0000	0	0	0	0	NULL	NULL	NULL	0	0	0	0	NULL	NULL	528.0000	1035	1036	1145	1090	110.628	105.212	5.41566	140	156	373	354	0.283401	0.705104	NULL	NULL	NULL	NULL	NULL	NULL	NULL	NULL
411	Moore, Mikki	NJN	399.3500	738	730	771	684	104.472	93.6986	10.7729	94	100	296	263	0.263305	0.747475	176.6500	332	338	311	376	93.6747	111.243	-17.5679	33	39	112	131	0.2012	0.7417	10.7729	0.263305	0.747475	28.3408	0.0621	0.0058	NULL	NULL
413	Blatche, Andray	WAS	24.7500	44	44	40	51	90.9091	115.909	-25	7	11	16	23	0.233333	0.592593	167.2500	311	312	326	350	104.823	112.179	-7.3563	39	48	97	134	0.2254	0.669	-25	0.233333	0.592593	-17.6437	0.0079	-0.0764	NULL	NULL
416	Snyder, Kirk	HOU	9.1667	15	15	7	24	46.6667	160	-113.333	3	4	1	9	0.25	0.2	326.8333	603	603	604	609	100.166	100.995	-0.8292	76	88	228	222	0.255	0.7215	-113.333	0.25	0.2	-112.504	-0.005	-0.5215	NULL	NULL
417	Ellis, Monta	GSW	238.0167	491	487	503	538	102.444	110.472	-8.02829	66	96	132	169	0.280851	0.578947	294.9833	577	579	670	616	116.118	106.39	9.7275	78	105	191	220	0.2617	0.6453	-8.02829	0.280851	0.578947	-17.7558	0.0192	-0.0664	NULL	NULL
419	Dooling, Keyon	ORL	65.2500	118	118	115	127	97.4576	107.627	-10.1695	17	24	40	42	0.288136	0.625	126.7500	224	224	237	261	105.804	116.518	-10.7143	40	29	84	80	0.3333	0.7434	-10.1695	0.288136	0.625	0.5448	-0.0452	-0.1184	NULL	NULL
423	Butler, Jackie	SAS	0.0000	0	0	0	0	NULL	NULL	NULL	0	0	0	0	NULL	NULL	960.0000	1787	1784	1913	1834	107.051	102.803	4.24823	248	284	646	637	0.280226	0.694624	NULL	NULL	NULL	NULL	NULL	NULL	NULL	NULL
424	Sow, Pape	TOR	0.0000	0	0	0	0	NULL	NULL	NULL	0	0	0	0	NULL	NULL	288.0000	543	540	545	577	100.368	106.852	-6.48353	55	65	190	203	0.213178	0.745098	NULL	NULL	NULL	NULL	NULL	NULL	NULL	NULL
426	Miles, C.J.	UTA	2.8000	5	4	6	4	120	100	20	3	1	2	2	0.6	0.666667	818.2000	1564	1565	1658	1645	106.01	105.112	0.8984	263	194	567	505	0.3424	0.7451	20	0.6	0.666667	19.1016	0.2576	-0.0784	NULL	NULL
430	Powell, Josh	GSW	5.8333	11	11	11	12	100	109.091	-9.09091	2	2	7	4	0.333333	0.777778	527.1667	1057	1055	1162	1142	109.934	108.246	1.6873	142	199	316	385	0.2694	0.6136	-9.09091	0.333333	0.777778	-10.7782	0.0639	0.1642	NULL	NULL
436	Martin, Darrick	TOR	8.1000	17	17	20	13	117.647	76.4706	41.1765	2	1	7	4	0.333333	0.875	279.9000	526	523	525	564	99.8099	107.839	-8.0295	53	64	183	199	0.2103	0.7409	41.1765	0.333333	0.875	49.206	0.123	0.1341	NULL	NULL
439	Mbenga, DJ	DAL	0.0000	0	0	0	0	NULL	NULL	NULL	0	0	0	0	NULL	NULL	288.0000	565	564	591	631	104.602	111.879	-7.27766	101	82	195	195	0.341216	0.703971	NULL	NULL	NULL	NULL	NULL	NULL	NULL	NULL
444	Wright, Antoine	NJN	162.9833	307	313	276	302	89.9023	96.4856	-6.58334	34	41	116	116	0.226667	0.738854	413.0167	763	755	806	758	105.636	100.397	5.2383	93	98	292	278	0.2507	0.7487	-6.58334	0.226667	0.738854	-11.8216	-0.024	-0.0098	NULL	NULL
450	Khryapa, Viktor	CHI	0.0000	0	0	0	0	NULL	NULL	NULL	0	0	0	0	NULL	NULL	480.0000	896	896	924	913	103.125	101.897	1.22768	149	134	332	313	0.322511	0.712446	NULL	NULL	NULL	NULL	NULL	NULL	NULL	NULL
453	Diogu, Ike	GSW	0.0000	0	0	0	0	NULL	NULL	NULL	0	0	0	0	NULL	NULL	533.0000	1068	1066	1173	1154	109.831	108.255	1.5763	144	201	323	389	0.270169	0.616412	NULL	NULL	NULL	NULL	NULL	NULL	NULL	NULL
459	Walton, Luke	LAL	127.5833	253	255	265	297	104.743	116.471	-11.7275	41	36	82	87	0.320313	0.694915	112.4167	219	219	225	245	102.74	111.872	-9.1324	39	33	78	84	0.3171	0.7027	-11.7275	0.320313	0.694915	-2.5951	0.0032	-0.0078	NULL	NULL
460	Doleac, Michael	MIA	0.7833	1	1	0	2	0	200	-200	0	0	0	1	0	NULL	191.2167	363	363	355	397	97.7961	109.366	-11.5702	42	55	120	141	0.2295	0.6857	-200	0	NULL	-188.43	-0.2295	NULL	NULL	NULL
467	Griffin, Adrian	CHI	8.9667	18	20	10	21	55.5556	105	-49.4444	4	2	4	12	0.25	0.666667	471.0333	878	876	914	892	104.1	101.826	2.2737	145	132	328	301	0.3251	0.713	-49.4444	0.25	0.666667	-51.7181	-0.0751	-0.0463	NULL	NULL
470	Diener, Travis	ORL	0.0000	0	0	0	0	NULL	NULL	NULL	0	0	0	0	NULL	NULL	192.0000	342	342	352	388	102.924	113.45	-10.5263	57	53	124	122	0.318436	0.700565	NULL	NULL	NULL	NULL	NULL	NULL	NULL	NULL
486	Hill, Grant	ORL	143.0833	258	258	275	301	106.589	116.667	-10.0775	42	32	96	91	0.315789	0.75	48.9167	84	84	77	87	91.6667	103.571	-11.9048	15	21	28	31	0.3261	0.5714	-10.0775	0.315789	0.75	1.8273	-0.0103	0.1786	NULL	NULL
488	Banks, Marcus	PHX	6.8500	12	13	16	20	133.333	153.846	-20.5128	0	4	2	4	0	0.333333	521.1500	1023	1023	1129	1070	110.362	104.594	5.7674	140	152	371	350	0.2857	0.7094	-20.5128	0	0.333333	-26.2802	-0.2857	-0.3761	NULL	NULL
489	Newble, Ira	CLE	9.6833	24	25	28	27	116.667	108	8.66667	1	2	11	11	0.0833333	0.846154	960.3167	1711	1714	1748	1706	102.162	99.5333	2.6292	286	234	671	634	0.3109	0.7414	8.66667	0.0833333	0.846154	6.0375	-0.2276	0.1048	NULL	NULL
492	Stackhouse, Jerry	DAL	168.5500	333	334	354	381	106.306	114.072	-7.76555	67	46	115	115	0.368132	0.714286	119.4500	232	230	237	250	102.155	108.696	-6.5405	34	36	80	80	0.2982	0.6897	-7.76555	0.368132	0.714286	-1.225	0.0699	0.0246	NULL	NULL
498	Lucas, John	HOU	8.3000	15	15	16	14	106.667	93.3333	13.3333	3	5	6	2	0.6	0.545455	327.7000	603	603	595	619	98.6733	102.653	-3.9801	76	87	223	229	0.2492	0.7194	13.3333	0.6	0.545455	17.3134	0.3508	-0.1739	NULL	NULL
500	Andriuskevicius, Martynas	CHI	0.0000	0	0	0	0	NULL	NULL	NULL	0	0	0	0	NULL	NULL	480.0000	896	896	924	913	103.125	101.897	1.22768	149	134	332	313	0.322511	0.712446	NULL	NULL	NULL	NULL	NULL	NULL	NULL	NULL
505	Varejao, Anderson	CLE	447.3333	793	801	808	716	101.892	89.3883	12.5033	140	113	310	301	0.31746	0.732861	522.6667	942	938	968	1017	102.76	108.422	-5.6621	147	123	372	344	0.2994	0.7515	12.5033	0.31746	0.732861	18.1654	0.0181	-0.0186	NULL	NULL
508	Hayes, Chuck	HOU	197.4333	363	370	354	370	97.5207	100	-2.47934	48	48	130	141	0.253968	0.730337	138.5667	255	248	257	263	100.784	106.048	-5.2641	31	44	99	90	0.2562	0.6923	-2.47934	0.253968	0.730337	2.7848	-0.0022	0.038	NULL	NULL
510	Johnson, Amir	DET	0.0000	0	0	0	0	NULL	NULL	NULL	0	0	0	0	NULL	NULL	778.0000	1394	1395	1462	1415	104.878	101.434	3.44436	226	236	500	508	0.307902	0.679348	NULL	NULL	NULL	NULL	NULL	NULL	NULL	NULL
515	Hunter, Lindsey	DET	133.1667	233	250	211	251	90.5579	100.4	-9.84206	42	45	90	98	0.3	0.666667	644.8333	1161	1145	1251	1164	107.752	101.659	6.0925	184	191	410	410	0.3098	0.6822	-9.84206	0.3	0.666667	-15.9346	-0.0098	-0.0155	NULL	NULL
516	Turiaf, Ronny	LAL	48.2500	95	96	99	121	104.211	126.042	-21.8311	11	16	25	39	0.22	0.609756	191.7500	377	378	391	421	103.714	111.376	-7.6621	69	53	135	132	0.3433	0.7181	-21.8311	0.22	0.609756	-14.169	-0.1233	-0.1083	NULL	NULL
517	Jones, Dwayne	CLE	0.0000	0	0	0	0	NULL	NULL	NULL	0	0	0	0	NULL	NULL	970.0000	1735	1739	1776	1733	102.363	99.655	2.70814	287	236	682	645	0.30794	0.742919	NULL	NULL	NULL	NULL	NULL	NULL	NULL	NULL
518	Boozer, Carlos	UTA	654.0333	1262	1267	1364	1362	108.082	107.498	0.584382	198	161	461	404	0.328904	0.741158	166.9667	307	302	300	287	97.7199	95.0331	2.6868	68	34	108	103	0.3977	0.7606	0.584382	0.328904	0.741158	-2.1024	-0.0688	-0.0194	NULL	NULL
525	Barrett, Andre	CHI	0.0000	0	0	0	0	NULL	NULL	NULL	0	0	0	0	NULL	NULL	480.0000	896	896	924	913	103.125	101.897	1.22768	149	134	332	313	0.322511	0.712446	NULL	NULL	NULL	NULL	NULL	NULL	NULL	NULL
537	Stoudemire, Amare	PHX	342.7667	683	676	767	712	112.299	105.325	6.97324	101	104	248	232	0.303303	0.704545	185.2333	352	360	378	378	107.386	105	2.3864	39	52	125	122	0.2422	0.7062	6.97324	0.303303	0.704545	4.5868	0.0611	-0.0017	NULL	NULL
558	Sefolosha, Thabo	CHI	98.9667	193	198	182	179	94.3005	90.404	3.89648	32	20	68	63	0.336842	0.772727	381.0333	703	698	742	734	105.548	105.158	0.3901	117	114	264	250	0.3188	0.6984	3.89648	0.336842	0.772727	3.5064	0.018	0.0743	NULL	NULL
559	Thomas, Tyrus	CHI	121.5500	233	229	226	249	96.9957	108.734	-11.7379	39	34	74	85	0.314516	0.685185	358.4500	663	667	698	664	105.279	99.5502	5.7288	110	100	258	228	0.3254	0.7207	-11.7379	0.314516	0.685185	-17.4667	-0.0109	-0.0355	NULL	NULL
560	Brown, Shannon	CLE	0.0000	0	0	0	0	NULL	NULL	NULL	0	0	0	0	NULL	NULL	970.0000	1735	1739	1776	1733	102.363	99.655	2.70814	287	236	682	645	0.30794	0.742919	NULL	NULL	NULL	NULL	NULL	NULL	NULL	NULL
561	Gibson, Daniel	CLE	402.4000	721	714	776	705	107.628	98.7395	8.8888	132	98	280	263	0.334177	0.740741	567.6000	1014	1025	1000	1028	98.6193	100.293	-1.6734	155	138	402	382	0.2886	0.7444	8.8888	0.334177	0.740741	10.5622	0.0456	-0.0037	NULL	NULL
562	Ager, Maurice	DAL	24.4667	44	42	43	44	97.7273	104.762	-7.03463	4	8	17	17	0.190476	0.68	263.5333	521	522	548	587	105.182	112.452	-7.2698	97	74	178	178	0.3527	0.7063	-7.03463	0.190476	0.68	0.2352	-0.1622	-0.0263	NULL	NULL
563	Barea, Jose	DAL	3.5333	8	7	4	3	50	42.8571	7.14286	0	1	3	5	0	0.75	284.4667	557	557	587	628	105.386	112.747	-7.3609	101	81	192	190	0.3471	0.7033	7.14286	0	0.75	14.5038	-0.3471	0.0467	NULL	NULL
564	Mensah-Bonsu, Pops	DAL	0.0000	0	0	0	0	NULL	NULL	NULL	0	0	0	0	NULL	NULL	288.0000	565	564	591	631	104.602	111.879	-7.27766	101	82	195	195	0.341216	0.703971	NULL	NULL	NULL	NULL	NULL	NULL	NULL	NULL
565	Diawara, Yakhouba	DEN	1.2500	2	3	0	0	0	0	0	0	0	1	1	0	1	238.7500	438	439	441	471	100.685	107.289	-6.6044	80	71	163	159	0.3347	0.6966	0	0	1	6.6044	-0.3347	0.3034	NULL	NULL
566	Blalock, Will	DET	0.0000	0	0	0	0	NULL	NULL	NULL	0	0	0	0	NULL	NULL	778.0000	1394	1395	1462	1415	104.878	101.434	3.44436	226	236	500	508	0.307902	0.679348	NULL	NULL	NULL	NULL	NULL	NULL	NULL	NULL
567	O'Bryant, Patrick	GSW	0.0000	0	0	0	0	NULL	NULL	NULL	0	0	0	0	NULL	NULL	533.0000	1068	1066	1173	1154	109.831	108.255	1.5763	144	201	323	389	0.270169	0.616412	NULL	NULL	NULL	NULL	NULL	NULL	NULL	NULL
569	Novak, Steve	HOU	0.0000	0	0	0	0	NULL	NULL	NULL	0	0	0	0	NULL	NULL	336.0000	618	618	611	633	98.8673	102.427	-3.55987	79	92	229	231	0.254839	0.713396	NULL	NULL	NULL	NULL	NULL	NULL	NULL	NULL
570	Spanoulis, Vassilis	HOU	2.8167	6	5	12	2	200	40	160	3	0	4	0	1	1	333.1833	612	613	599	631	97.8758	102.936	-5.0606	76	92	225	231	0.2476	0.7098	160	1	1	165.061	0.7524	0.2902	NULL	NULL
571	Sura, Bob	HOU	0.0000	0	0	0	0	NULL	NULL	NULL	0	0	0	0	NULL	NULL	336.0000	618	618	611	633	98.8673	102.427	-3.55987	79	92	229	231	0.254839	0.713396	NULL	NULL	NULL	NULL	NULL	NULL	NULL	NULL
575	Farmar, Jordan	LAL	114.4333	221	222	236	261	106.787	117.568	-10.7802	38	27	73	82	0.316667	0.73	125.5667	251	252	254	281	101.195	111.508	-10.3127	42	42	87	89	0.3206	0.6744	-10.7802	0.316667	0.73	-0.4675	-0.0039	0.0556	NULL	NULL
576	Williams, Shammond	LAL	79.9667	156	157	166	184	106.41	117.197	-10.7872	28	25	51	57	0.329412	0.671053	160.0333	316	317	324	358	102.532	112.934	-10.4021	52	44	109	114	0.3133	0.7124	-10.7872	0.329412	0.671053	-0.3851	0.0161	-0.0413	NULL	NULL
581	Quinn, Chris	MIA	0.0000	0	0	0	0	NULL	NULL	NULL	0	0	0	0	NULL	NULL	192.0000	364	364	355	399	97.5275	109.615	-12.0879	42	55	120	142	0.228261	0.685714	NULL	NULL	NULL	NULL	NULL	NULL	NULL	NULL
590	Adams, Hassan	NJN	9.2667	17	18	8	20	47.0588	111.111	-64.0523	0	2	5	9	0	0.714286	566.7333	1053	1050	1074	1040	101.994	99.0476	2.9467	127	137	403	385	0.248	0.7463	-64.0523	0	0.714286	-66.999	-0.248	-0.032	NULL	NULL
591	Ilic, Mile	NJN	0.0000	0	0	0	0	NULL	NULL	NULL	0	0	0	0	NULL	NULL	576.0000	1070	1068	1082	1060	101.121	99.2509	1.87056	127	139	408	394	0.243762	0.745887	NULL	NULL	NULL	NULL	NULL	NULL	NULL	NULL
592	Williams, Marcus	NJN	77.7333	145	149	133	157	91.7241	105.369	-13.645	12	18	50	56	0.176471	0.735294	498.2667	925	919	949	903	102.595	98.259	4.3356	115	121	358	338	0.2539	0.7474	-13.645	0.176471	0.735294	-17.9806	-0.0774	-0.0121	NULL	NULL
593	Boone, Josh	NJN	117.8500	219	221	215	244	98.1735	110.407	-12.2337	20	30	74	81	0.19802	0.711538	458.1500	851	847	867	816	101.88	96.34	5.5401	107	109	334	313	0.2548	0.754	-12.2337	0.19802	0.711538	-17.7738	-0.0568	-0.0425	NULL	NULL
599	Redick, J.J.	ORL	10.6167	20	19	19	20	95	105.263	-10.2632	7	3	4	5	0.583333	0.571429	181.3833	322	323	333	368	103.416	113.932	-10.5157	50	50	120	117	0.2994	0.7059	-10.2632	0.583333	0.571429	0.2525	0.2839	-0.1345	NULL	NULL
600	Augustine, James	ORL	0.0000	0	0	0	0	NULL	NULL	NULL	0	0	0	0	NULL	NULL	192.0000	342	342	352	388	102.924	113.45	-10.5263	57	53	124	122	0.318436	0.700565	NULL	NULL	NULL	NULL	NULL	NULL	NULL	NULL
612	Bargnani, Andrea	TOR	180.9167	342	339	338	376	98.8304	110.914	-12.084	27	41	112	130	0.171975	0.732026	107.0833	201	201	207	201	102.985	100	2.9851	28	24	78	73	0.2772	0.7647	-12.084	0.171975	0.732026	-15.0691	-0.1052	-0.0327	NULL	NULL
614	Parker, Anthony	TOR	239.8333	449	446	458	484	102.004	108.52	-6.51573	41	58	162	167	0.197115	0.736364	48.1667	94	94	87	93	92.5532	98.9362	-6.383	14	7	28	36	0.28	0.8	-6.51573	0.197115	0.736364	-0.1327	-0.0829	-0.0636	NULL	NULL
616	Slokar, Uros	TOR	0.0000	0	0	0	0	NULL	NULL	NULL	0	0	0	0	NULL	NULL	288.0000	543	540	545	577	100.368	106.852	-6.48353	55	65	190	203	0.213178	0.745098	NULL	NULL	NULL	NULL	NULL	NULL	NULL	NULL
617	Brewer, Ronnie	UTA	41.3000	79	77	87	90	110.127	116.883	-6.75653	20	14	27	21	0.487805	0.658537	779.7000	1490	1492	1577	1559	105.839	104.491	1.3483	246	181	542	486	0.3361	0.7497	-6.75653	0.487805	0.658537	-8.1048	0.1517	-0.0912	NULL	NULL
619	Brown, Dee	UTA	52.1500	101	100	106	84	104.95	84	20.9505	26	17	43	28	0.481481	0.716667	768.8500	1468	1469	1558	1565	106.131	106.535	-0.4043	240	178	526	479	0.3338	0.7472	20.9505	0.481481	0.716667	21.3548	0.1477	-0.0305	NULL	NULL
620	Chase, Brian	UTA	0.0000	0	0	0	0	NULL	NULL	NULL	0	0	0	0	NULL	NULL	821.0000	1569	1569	1664	1649	106.055	105.099	0.956023	266	195	569	507	0.344114	0.744764	NULL	NULL	NULL	NULL	NULL	NULL	NULL	NULL
621	Powell Jr, Roger	UTA	0.0000	0	0	0	0	NULL	NULL	NULL	0	0	0	0	NULL	NULL	821.0000	1569	1569	1664	1649	106.055	105.099	0.956023	266	195	569	507	0.344114	0.744764	NULL	NULL	NULL	NULL	NULL	NULL	NULL	NULL
622	Mason, Roger	WAS	55.7167	113	110	132	131	116.814	119.091	-2.27675	14	17	33	39	0.264151	0.66	136.2833	242	246	234	270	96.6942	109.756	-13.0619	32	42	80	118	0.2133	0.6557	-2.27675	0.264151	0.66	10.7852	0.0509	0.0043	NULL	NULL
629	Millsap, Paul	UTA	263.3500	492	493	511	494	103.862	100.203	3.65895	112	60	175	155	0.419476	0.744681	557.6500	1077	1076	1153	1155	107.057	107.342	-0.2854	154	135	394	352	0.3043	0.7448	3.65895	0.419476	0.744681	3.9443	0.1152	-0.0001	NULL	NULL
636	Garbajosa, Jorge	TOR	0.0000	0	0	0	0	NULL	NULL	NULL	0	0	0	0	NULL	NULL	288.0000	543	540	545	577	100.368	106.852	-6.48353	55	65	190	203	0.213178	0.745098	NULL	NULL	NULL	NULL	NULL	NULL	NULL	NULL
640	Kleiza, Linas	DEN	65.4833	113	113	108	115	95.5752	101.77	-6.19469	29	27	44	41	0.414286	0.619718	174.5167	327	329	333	356	101.835	108.207	-6.3718	51	44	120	119	0.3	0.7317	-6.19469	0.414286	0.619718	0.1771	0.1143	-0.112	NULL	NULL
643	Azubuike, Kelenna	GSW	15.0167	29	31	28	27	96.5517	87.0968	9.45495	3	3	15	11	0.214286	0.833333	517.9833	1039	1035	1145	1127	110.202	108.889	1.3132	141	198	308	378	0.2717	0.6087	9.45495	0.214286	0.833333	8.1418	-0.0574	0.2246	NULL	NULL
653	Amundson, Louis	UTA	0.0000	0	0	0	0	NULL	NULL	NULL	0	0	0	0	NULL	NULL	821.0000	1569	1569	1664	1649	106.055	105.099	0.956023	266	195	569	507	0.344114	0.744764	NULL	NULL	NULL	NULL	NULL	NULL	NULL	NULL
654	White, James	SAS	0.0000	0	0	0	0	NULL	NULL	NULL	0	0	0	0	NULL	NULL	960.0000	1787	1784	1913	1834	107.051	102.803	4.24823	248	284	646	637	0.280226	0.694624	NULL	NULL	NULL	NULL	NULL	NULL	NULL	NULL
656	Hall, Mike	WAS	0.0000	0	0	0	0	NULL	NULL	NULL	0	0	0	0	NULL	NULL	192.0000	355	356	366	401	103.099	112.64	-9.54186	46	59	113	157	0.226601	0.656977	NULL	NULL	NULL	NULL	NULL	NULL	NULL	NULL
658	Willis, Kevin	DAL	0.0000	0	0	0	0	NULL	NULL	NULL	0	0	0	0	NULL	NULL	288.0000	565	564	591	631	104.602	111.879	-7.27766	101	82	195	195	0.341216	0.703971	NULL	NULL	NULL	NULL	NULL	NULL	NULL	NULL
