PlayerID	PlayerTrueName	Team	MinOnCourt	PossForOnCourt	PossOppOnCourt	PointsForOnCourt	PointsOppOnCourt	OffRtgOnCourt	DefRtgOnCourt	OverallRtgOnCourt	ORebForOnCourt	ORebOppOnCourt	DRebForOnCourt	DRebOppOnCourt	ORebRateOnCourt	DRebRateOnCourt	MinOffCourt	PossForOffCourt	PossOppOffCourt	PointsForOffCourt	PointsOppOffCourt	OffRtgOffCourt	DefRtgOffCourt	OverallRtgOffCourt	ORebForOffCourt	ORebOppOffCourt	DRebForOffCourt	DRebOppOffCourt	ORebRateOffCourt	DRebRateOffCourt	OverallRtgOnCourtMinusOffCourt	ORebRateOnCourtMinusOffCourt	DRebRateOnCourtMinusOffCourt
2	Thomas, Kurt	CHI	74.0167	141	137	142	155	100.7092	113.1387	-12.4295	36	23	50	44	0.4500	0.6849	698.9833	1262	1260	1338	1257	106.0222	99.7619	6.2603	275	207	471	449	0.3798	0.6947	-18.6898	0.0702	-0.0098
4	Marion, Shawn	DAL	690.4167	1251	1260	1368	1301	109.3525	103.2540	6.0985	205	236	449	427	0.3244	0.6555	322.5833	590	590	695	641	117.7966	108.6441	9.1525	91	98	196	212	0.3003	0.6667	-3.0540	0.0241	-0.0112
5	Nowitzki, Dirk	DAL	826.0000	1506	1492	1723	1553	114.4090	104.0885	10.3206	240	261	541	514	0.3183	0.6746	187.0000	335	358	340	389	101.4925	108.6592	-7.1667	56	73	104	125	0.3094	0.5876	17.4873	0.0089	0.0870
6	Terry, Jason	DAL	683.9667	1264	1255	1478	1330	116.9304	105.9761	10.9543	212	227	414	411	0.3403	0.6459	329.0333	577	595	585	612	101.3865	102.8571	-1.4707	84	107	231	228	0.2692	0.6834	12.4250	0.0711	-0.0375
10	Jones, James	MIA	271.9333	488	489	553	491	113.3197	100.4090	12.9107	86	84	191	165	0.3426	0.6945	746.0667	1340	1343	1395	1401	104.1045	104.3187	-0.2142	234	243	499	477	0.3291	0.6725	13.1249	0.0135	0.0220
20	House, Eddie	MIA	47.7333	91	95	93	93	102.1978	97.8947	4.3031	14	9	36	32	0.3043	0.8000	970.2667	1737	1737	1855	1799	106.7933	103.5694	3.2239	306	318	654	610	0.3341	0.6728	1.0792	-0.0298	0.1272
21	Martin, Kenyon	DEN	148.1667	294	299	294	322	100.0000	107.6923	-7.6923	46	62	107	119	0.2788	0.6331	91.8333	181	176	193	189	106.6298	107.3864	-0.7565	35	32	62	68	0.3398	0.6596	-6.9358	-0.0610	-0.0265
23	Camby, Marcus	POR	166.8500	289	292	290	306	100.3460	104.7945	-4.4485	47	55	107	106	0.3072	0.6605	121.1500	216	213	239	254	110.6481	119.2488	-8.6007	33	38	71	74	0.3084	0.6514	4.1522	-0.0012	0.0091
24	Ginobili, Manu	SAS	174.3333	335	331	350	331	104.4776	100.0000	4.4776	51	54	123	118	0.3018	0.6949	118.6667	222	224	216	254	97.2973	113.3929	-16.0956	41	33	76	86	0.3228	0.6972	20.5732	-0.0210	-0.0023
25	Anthony, Carmelo	NYK	155.5000	296	293	292	332	98.6486	113.3106	-14.6619	69	61	85	111	0.3833	0.5822	36.5000	67	71	71	65	105.9701	91.5493	14.4209	19	11	27	27	0.4130	0.7105	-29.0828	-0.0297	-0.1283
26	Duncan, Tim	SAS	211.9833	400	397	406	424	101.5000	106.8010	-5.3010	64	66	141	138	0.3168	0.6812	81.0167	157	158	160	161	101.9108	101.8987	0.0121	28	21	58	66	0.2979	0.7342	-5.3131	0.0189	-0.0530
30	Parker, Tony	SAS	221.1333	418	415	416	435	99.5215	104.8193	-5.2977	63	66	153	151	0.2944	0.6986	71.8667	139	140	150	150	107.9137	107.1429	0.7708	29	21	46	53	0.3537	0.6866	-6.0685	-0.0593	0.0120
31	Miller, Andre	POR	193.5500	332	335	348	374	104.8193	111.6418	-6.8225	48	59	119	121	0.2840	0.6685	94.4500	173	170	181	186	104.6243	109.4118	-4.7875	32	34	59	59	0.3516	0.6344	-2.0350	-0.0676	0.0341
34	Hilario, Nene	DEN	162.0333	321	325	324	352	100.9346	108.3077	-7.3731	51	60	119	132	0.2787	0.6648	77.9667	154	150	163	159	105.8442	106.0000	-0.1558	30	34	50	55	0.3529	0.5952	-7.2173	-0.0742	0.0696
40	Mohammed, Nazr	OKC	147.9167	286	286	305	279	106.6434	97.5524	9.0909	42	58	108	103	0.2897	0.6506	693.0833	1325	1323	1437	1431	108.4528	108.1633	0.2896	262	253	481	431	0.3781	0.6553	8.8013	-0.0884	-0.0047
47	Ford, T.J.	IND	13.5167	26	25	28	21	107.6923	84.0000	23.6923	3	4	6	9	0.2500	0.6000	226.4833	427	429	423	467	99.0632	108.8578	-9.7946	85	109	136	163	0.3427	0.5551	33.4869	-0.0927	0.0449
51	Magloire, Jamaal	MIA	17.8500	32	33	31	44	96.8750	133.3333	-36.4583	3	8	10	12	0.2000	0.5556	1000.1500	1796	1799	1917	1848	106.7372	102.7237	4.0135	317	319	680	630	0.3347	0.6807	-40.4718	-0.1347	-0.1251
52	Iguodala, Andre	PHI	181.9000	323	324	343	361	106.1920	111.4198	-5.2278	65	64	118	127	0.3385	0.6484	58.1000	107	105	90	109	84.1121	103.8095	-19.6974	18	22	38	46	0.2813	0.6333	14.4696	0.0573	0.0151
54	Korver, Kyle	CHI	275.6667	528	500	575	530	108.9015	106.0000	2.9015	99	75	174	172	0.3653	0.6988	497.3333	875	897	905	882	103.4286	98.3278	5.1008	212	155	347	321	0.3977	0.6912	-2.1993	-0.0324	0.0076
63	Smith, J.R.	DEN	76.4667	153	149	161	171	105.2288	114.7651	-9.5363	32	32	45	55	0.3678	0.5844	163.5333	322	326	326	340	101.2422	104.2945	-3.0522	49	62	124	132	0.2707	0.6667	-6.4841	0.0971	-0.0823
67	Stojakovic, Peja	DAL	350.0833	642	640	741	699	115.4206	109.2188	6.2018	102	111	215	229	0.3082	0.6595	662.9167	1199	1210	1322	1243	110.2585	102.7273	7.5313	194	223	430	410	0.3212	0.6585	-1.3295	-0.0130	0.0010
68	Bibby, Mike	MIA	414.8000	741	738	746	786	100.6748	106.5041	-5.8293	134	150	282	278	0.3252	0.6528	603.2000	1087	1094	1202	1106	110.5796	101.0969	9.4827	186	177	408	364	0.3382	0.6974	-15.3120	-0.0130	-0.0446
70	Paul, Chris	NOH	250.0667	449	448	479	506	106.6815	112.9464	-6.2649	70	83	144	158	0.3070	0.6344	37.9333	68	66	57	73	83.8235	110.6061	-26.7825	9	19	23	29	0.2368	0.5476	20.5176	0.0702	0.0868
73	Andersen, Chris	DEN	73.0333	141	141	153	151	108.5106	107.0922	1.4184	27	31	46	48	0.3600	0.5974	166.9667	334	334	334	360	100.0000	107.7844	-7.7844	54	63	123	139	0.2798	0.6613	9.2028	0.0802	-0.0639
76	Butler, Rasual	CHI	6.6167	12	11	12	10	100.0000	90.9091	9.0909	2	2	3	5	0.2857	0.6000	766.3833	1391	1386	1468	1402	105.5356	101.1544	4.3812	309	228	518	488	0.3877	0.6944	4.7097	-0.1020	-0.0944
83	Bass, Brandon	ORL	139.1833	251	265	231	250	92.0319	94.3396	-2.3078	41	45	99	107	0.2770	0.6875	148.8167	268	253	301	271	112.3134	107.1146	5.1988	70	55	99	83	0.4575	0.6429	-7.5066	-0.1805	0.0446
86	Johnson, Joe	ATL	496.6167	875	873	885	942	101.1429	107.9038	-6.7609	157	174	314	337	0.3178	0.6434	79.3833	151	156	150	146	99.3377	93.5897	5.7480	30	34	54	55	0.3529	0.6136	-12.5089	-0.0351	0.0298
88	Pachulia, Zaza	ATL	194.7500	335	336	349	351	104.1791	104.4643	-0.2852	76	78	122	115	0.3979	0.6100	381.2500	691	693	686	737	99.2764	106.3492	-7.0728	111	130	246	277	0.2861	0.6543	6.7876	0.1118	-0.0443
89	Murphy, Troy	BOS	3.0500	7	6	4	8	57.1429	133.3333	-76.1905	1	1	3	3	0.2500	0.7500	433.9500	802	798	848	832	105.7357	104.2607	1.4750	123	167	287	273	0.3106	0.6322	-77.6655	-0.0606	0.1178
90	Richardson, Jason	ORL	153.3667	269	269	261	263	97.0260	97.7695	-0.7435	55	58	111	104	0.3459	0.6568	134.6333	250	249	271	258	108.4000	103.6145	4.7855	56	42	87	86	0.3944	0.6744	-5.5290	-0.0485	-0.0176
92	Dunleavy, Mike	IND	71.8333	140	133	155	131	110.7143	98.4962	12.2180	30	32	37	50	0.3750	0.5362	168.1667	313	321	296	357	94.5687	111.2150	-16.6463	58	81	105	122	0.3222	0.5645	28.8643	0.0528	-0.0283
94	Smith, Josh	ATL	438.0167	777	777	776	804	99.8713	103.4749	-3.6036	140	154	288	302	0.3167	0.6516	137.9833	249	252	259	284	104.0161	112.6984	-8.6823	47	54	80	90	0.3431	0.5970	5.0787	-0.0264	0.0546
95	Harrington, Al	DEN	69.6833	137	136	142	148	103.6496	108.8235	-5.1739	30	26	48	52	0.3659	0.6486	170.3167	338	339	345	363	102.0710	107.0796	-5.0086	51	68	121	135	0.2742	0.6402	-0.1653	0.0917	0.0084
97	Williams, Marvin	ATL	215.9833	396	397	399	428	100.7576	107.8086	-7.0510	71	65	133	158	0.3100	0.6717	360.0167	630	632	636	660	100.9524	104.4304	-3.4780	116	143	235	234	0.3314	0.6217	-3.5730	-0.0214	0.0500
103	Fisher, Derek	LAL	325.5333	600	596	645	646	107.5000	108.3893	-0.8893	107	81	205	210	0.3375	0.7168	154.4667	270	275	287	299	106.2963	108.7273	-2.4310	62	42	102	98	0.3875	0.7083	1.5417	-0.0500	0.0085
109	Ivey, Royal	OKC	6.1167	13	14	17	21	130.7692	150.0000	-19.2308	0	4	3	5	0.0000	0.4286	834.8833	1598	1595	1725	1689	107.9474	105.8934	2.0540	304	307	586	529	0.3649	0.6562	-21.2848	-0.3649	-0.2276
110	Hinrich, Kirk	ATL	173.3167	313	315	312	310	99.6805	98.4127	1.2678	62	70	120	123	0.3351	0.6316	402.6833	713	714	723	778	101.4025	108.9636	-7.5611	125	138	248	269	0.3173	0.6425	8.8289	0.0178	-0.0109
111	Wallace, Gerald	POR	225.5667	399	394	422	426	105.7644	108.1218	-2.3574	62	71	147	141	0.3054	0.6743	62.4333	106	111	107	134	100.9434	120.7207	-19.7773	18	22	31	39	0.3158	0.5849	17.4199	-0.0104	0.0894
112	Nocioni, Andres	PHI	10.3833	17	19	13	20	76.4706	105.2632	-28.7926	3	7	3	9	0.2500	0.3000	229.6167	413	410	420	450	101.6949	109.7561	-8.0612	80	79	153	164	0.3279	0.6595	-20.7314	-0.0779	-0.3595
113	Duhon, Chris	ORL	3.9000	8	8	10	10	125.0000	125.0000	0.0000	2	2	2	3	0.4000	0.5000	284.1000	511	510	522	511	102.1526	100.1961	1.9566	109	98	196	187	0.3682	0.6667	-1.9566	0.0318	-0.1667
117	Okafor, Emeka	NOH	187.7000	331	336	332	371	100.3021	110.4167	-10.1146	50	69	107	125	0.2857	0.6080	100.3000	186	178	204	208	109.6774	116.8539	-7.1765	29	33	60	62	0.3187	0.6452	-2.9381	-0.0330	-0.0372
118	Chandler, Tyson	DAL	679.9333	1230	1231	1350	1253	109.7561	101.7872	7.9689	199	220	442	428	0.3174	0.6677	333.0667	611	619	713	689	116.6939	111.3086	5.3854	97	114	203	211	0.3149	0.6404	2.5835	0.0025	0.0273
122	Deng, Luol	CHI	686.8500	1249	1241	1338	1244	107.1257	100.2417	6.8840	278	203	466	438	0.3883	0.6966	86.1500	154	156	142	168	92.2078	107.6923	-15.4845	33	27	55	55	0.3750	0.6707	22.3685	0.0133	0.0259
126	Felton, Raymond	DEN	151.8500	303	303	319	346	105.2805	114.1914	-8.9109	55	64	96	114	0.3254	0.6000	88.1500	172	172	168	165	97.6744	95.9302	1.7442	26	30	73	73	0.2626	0.7087	-10.6551	0.0628	-0.1087
130	Allen, Malik	ORL	7.3000	14	15	11	18	78.5714	120.0000	-41.4286	3	2	5	8	0.2727	0.7143	280.7000	505	503	521	503	103.1683	100.0000	3.1683	108	98	193	182	0.3724	0.6632	-44.5969	-0.0997	0.0511
143	O'Neal, Jermaine	BOS	197.1667	362	369	410	348	113.2597	94.3089	18.9507	56	78	145	123	0.3128	0.6502	239.8333	447	435	442	492	98.8814	113.1034	-14.2220	68	90	145	153	0.3077	0.6170	33.1727	0.0051	0.0332
144	Battie, Tony	PHI	37.7333	67	69	56	71	83.5821	102.8986	-19.3165	10	14	31	31	0.2439	0.6889	202.2667	363	360	377	399	103.8567	110.8333	-6.9766	73	72	125	142	0.3395	0.6345	-12.3399	-0.0956	0.0544
145	Artest, Ron	LAL	286.7167	526	525	574	567	109.1255	108.0000	1.1255	92	76	184	189	0.3274	0.7077	193.2833	344	346	358	378	104.0698	109.2486	-5.1788	77	47	123	119	0.3929	0.7235	6.3043	-0.0655	-0.0158
148	Stevenson, DeShawn	DAL	332.3000	589	612	572	640	97.1138	104.5752	-7.4614	87	91	216	238	0.2677	0.7036	680.7000	1252	1238	1491	1302	119.0895	105.1696	13.9198	209	243	429	401	0.3426	0.6384	-21.3812	-0.0749	0.0652
149	Howard, Dwight	ORL	257.6833	456	449	469	454	102.8509	101.1136	1.7373	101	95	175	166	0.3783	0.6481	30.3167	63	69	63	67	100.0000	97.1014	2.8986	10	5	23	24	0.2941	0.8214	-1.1613	0.0842	-0.1733
151	Turkoglu, Hedo	ORL	209.1667	373	372	363	355	97.3190	95.4301	1.8889	87	77	143	143	0.3783	0.6500	78.8333	146	146	169	166	115.7534	113.6986	2.0548	24	23	55	47	0.3380	0.7051	-0.1659	0.0403	-0.0551
155	Granger, Danny	IND	183.4167	350	351	334	392	95.4286	111.6809	-16.2523	65	89	111	135	0.3250	0.5550	56.5833	103	103	117	96	113.5922	93.2039	20.3883	23	24	31	37	0.3833	0.5636	-36.6406	-0.0583	-0.0086
158	Nelson, Jameer	ORL	216.4167	390	389	395	370	101.2821	95.1157	6.1664	90	78	151	149	0.3766	0.6594	71.5833	129	129	137	151	106.2016	117.0543	-10.8527	21	22	47	41	0.3387	0.6812	17.0191	0.0379	-0.0218
166	Allen, Ray	BOS	361.3000	665	662	729	675	109.6241	101.9637	7.6603	100	142	246	224	0.3086	0.6340	75.7000	144	142	123	165	85.4167	116.1972	-30.7805	24	26	44	52	0.3158	0.6286	38.4408	-0.0072	0.0054
167	Brand, Elton	PHI	185.1500	328	326	355	358	108.2317	109.8160	-1.5842	67	61	120	127	0.3454	0.6630	54.8500	102	103	78	112	76.4706	108.7379	-32.2673	16	25	36	46	0.2581	0.5902	30.6831	0.0873	0.0728
172	Collison, Nick	OKC	413.1333	782	786	899	820	114.9616	104.3257	10.6359	153	168	291	240	0.3893	0.6340	427.8667	829	823	843	890	101.6888	108.1409	-6.4522	151	143	298	294	0.3393	0.6757	17.0881	0.0500	-0.0417
176	Wilkins, Damien	ATL	38.5167	69	70	71	62	102.8986	88.5714	14.3271	19	20	28	23	0.4524	0.5833	537.4833	957	959	964	1026	100.7315	106.9864	-6.2550	168	188	340	369	0.3128	0.6439	20.5821	0.1396	-0.0606
186	Bryant, Kobe	LAL	354.3833	647	646	707	703	109.2736	108.8235	0.4500	115	92	224	226	0.3372	0.7089	125.6167	223	225	225	242	100.8969	107.5556	-6.6587	54	31	83	82	0.3971	0.7281	7.1087	-0.0599	-0.0192
187	Odom, Lamar	LAL	285.8833	520	513	559	562	107.5000	109.5517	-2.0517	109	77	183	179	0.3785	0.7038	194.1167	350	358	373	383	106.5714	106.9832	-0.4118	60	46	124	129	0.3175	0.7294	-1.6399	0.0610	-0.0256
194	Bynum, Andrew	LAL	319.7333	572	574	590	620	103.1469	108.0139	-4.8671	110	83	207	207	0.3470	0.7138	160.2667	298	297	342	325	114.7651	109.4276	5.3375	59	40	100	101	0.3688	0.7143	-10.2046	-0.0218	-0.0005
197	Gasol, Pau	LAL	357.9333	649	653	717	703	110.4777	107.6570	2.8207	116	90	222	226	0.3392	0.7115	122.0667	221	218	215	242	97.2851	111.0092	-13.7241	53	33	85	82	0.3926	0.7203	16.5448	-0.0534	-0.0088
198	Battier, Shane	MEM	339.2500	652	646	692	677	106.1350	104.7988	1.3362	131	111	227	232	0.3609	0.6716	309.7500	573	580	590	614	102.9668	105.8621	-2.8952	118	103	197	208	0.3620	0.6567	4.2314	-0.0011	0.0149
201	Haslem, Udonis	MIA	290.0167	524	532	558	547	106.4885	102.8195	3.6690	79	93	199	173	0.3135	0.6815	727.9833	1304	1300	1390	1345	106.5951	103.4615	3.1336	241	234	491	469	0.3394	0.6772	0.5354	-0.0259	0.0043
203	O'Neal, Shaquille	BOS	12.0167	21	21	23	23	109.5238	109.5238	0.0000	3	3	5	4	0.4286	0.6250	424.9833	788	783	829	817	105.2030	104.3423	0.8608	121	165	285	272	0.3079	0.6333	-0.8608	0.1207	-0.0083
204	Wade, Dwyane	MIA	827.8333	1501	1496	1592	1545	106.0626	103.2754	2.7872	265	273	560	536	0.3308	0.6723	190.1667	327	336	356	347	108.8685	103.2738	5.5947	55	54	130	106	0.3416	0.7065	-2.8075	-0.0108	-0.0342
209	Miller, Mike	MIA	214.9000	386	388	412	373	106.7358	96.1340	10.6017	61	61	153	123	0.3315	0.7150	803.1000	1442	1444	1536	1519	106.5187	105.1939	1.3248	259	266	537	519	0.3329	0.6687	9.2769	-0.0014	0.0463
212	Jones, Dahntay	IND	49.5667	92	93	91	108	98.9130	116.1290	-17.2160	23	24	30	32	0.4182	0.5556	190.4333	361	361	360	380	99.7230	105.2632	-5.5402	65	89	112	140	0.3171	0.5572	-11.6758	0.1011	-0.0016
215	Barron, Earl	POR	0.3000	0	0	0	0	NULL	NULL	NULL	0	0	0	0	NULL	NULL	287.7000	505	505	529	560	104.7525	110.8911	-6.1386	80	93	178	180	0.3077	0.6568	NULL	NULL	NULL
220	Krstic, Nenad	BOS	55.9500	101	103	93	115	92.0792	111.6505	-19.5713	15	22	36	36	0.2941	0.6207	381.0500	708	701	759	725	107.2034	103.4237	3.7797	109	146	254	240	0.3123	0.6350	-23.3510	-0.0182	-0.0143
221	Jefferson, Richard	SAS	176.3500	335	335	319	340	95.2239	101.4925	-6.2687	51	53	130	122	0.2948	0.7104	116.6500	222	220	247	245	111.2613	111.3636	-0.1024	41	34	69	82	0.3333	0.6699	-6.1663	-0.0385	0.0405
222	Kidd, Jason	DAL	744.4167	1352	1355	1503	1368	111.1686	100.9594	10.2092	223	248	492	463	0.3251	0.6649	268.5833	489	495	560	574	114.5194	115.9596	-1.4402	73	86	153	176	0.2932	0.6402	11.6494	0.0319	0.0247
223	Collins, Jason	ATL	158.2167	278	284	256	276	92.0863	97.1831	-5.0968	48	60	106	108	0.3077	0.6386	417.7833	748	745	779	812	104.1444	108.9933	-4.8489	139	148	262	284	0.3286	0.6390	-0.2479	-0.0209	-0.0004
237	Richardson, Quentin	ORL	98.4333	180	183	194	198	107.7778	108.1967	-0.4189	28	31	64	62	0.3111	0.6737	189.5667	339	335	338	323	99.7050	96.4179	3.2871	83	69	134	128	0.3934	0.6601	-3.7060	-0.0823	0.0136
239	West, Delonte	BOS	170.0500	315	300	281	344	89.2063	114.6667	-25.4603	43	57	102	121	0.2622	0.6415	266.9500	494	504	571	496	115.5870	98.4127	17.1743	81	111	188	155	0.3432	0.6288	-42.6346	-0.0810	0.0127
240	Pierce, Paul	BOS	343.4333	642	639	681	672	106.0748	105.1643	0.9104	93	131	226	223	0.2943	0.6331	93.5667	167	165	171	168	102.3952	101.8182	0.5770	31	37	64	53	0.3690	0.6337	0.3334	-0.0747	-0.0006
241	Barnes, Matt	LAL	131.0000	234	237	237	245	101.2821	103.3755	-2.0935	58	34	86	81	0.4173	0.7167	349.0000	636	634	695	700	109.2767	110.4101	-1.1334	111	89	221	227	0.3284	0.7129	-0.9601	0.0889	0.0038
245	Ariza, Trevor	NOH	240.9667	430	431	448	487	104.1860	112.9930	-8.8070	67	82	139	155	0.3018	0.6290	47.0333	87	83	88	92	101.1494	110.8434	-9.6939	12	20	28	32	0.2727	0.5833	0.8869	0.0291	0.0457
249	Crawford, Jamal	ATL	357.9833	649	646	658	710	101.3867	109.9071	-8.5204	117	143	213	249	0.3197	0.5983	218.0167	377	383	377	378	100.0000	98.6945	1.3055	70	65	155	143	0.3286	0.7045	-9.8259	-0.0089	-0.1062
253	Perkins, Kendrick	OKC	478.7000	907	906	937	973	103.3076	107.3951	-4.0875	170	168	331	319	0.3476	0.6633	362.3000	704	703	805	737	114.3466	104.8364	9.5102	134	143	258	215	0.3840	0.6434	-13.5977	-0.0364	0.0199
254	Robinson, Nate	OKC	11.8000	24	25	31	35	129.1667	140.0000	-10.8333	1	6	7	8	0.1111	0.5385	829.2000	1587	1584	1711	1675	107.8135	105.7449	2.0685	303	305	582	526	0.3655	0.6561	-12.9018	-0.2544	-0.1176
258	Ilgauskas, Zydrunas	MIA	103.5500	190	189	168	233	88.4211	123.2804	-34.8594	41	23	66	77	0.3475	0.7416	914.4500	1638	1643	1780	1659	108.6691	100.9738	7.6953	279	304	624	565	0.3306	0.6724	-42.5547	0.0169	0.0692
260	James, LeBron	MIA	921.6167	1651	1653	1767	1738	107.0260	105.1422	1.8839	289	301	613	590	0.3288	0.6707	96.3833	177	179	181	154	102.2599	86.0335	16.2264	31	26	77	52	0.3735	0.7476	-14.3425	-0.0447	-0.0769
271	Billups, Chauncey	NYK	34.5167	60	61	64	63	106.6667	103.2787	3.3880	12	19	19	19	0.3871	0.5000	157.4833	303	303	299	334	98.6799	110.2310	-11.5512	76	53	93	119	0.3897	0.6370	14.9392	-0.0026	-0.1370
275	McDyess, Antonio	SAS	145.4000	273	267	265	271	97.0696	101.4981	-4.4285	43	41	99	95	0.3116	0.7071	147.6000	284	288	301	314	105.9859	109.0278	-3.0419	49	46	100	109	0.3101	0.6849	-1.3866	0.0015	0.0222
281	Williams, Louis	PHI	129.6500	231	230	224	266	96.9697	115.6522	-18.6825	50	48	78	93	0.3497	0.6190	110.3500	199	199	209	204	105.0251	102.5126	2.5126	33	38	78	80	0.2920	0.6724	-21.1951	0.0577	-0.0534
285	Garnett, Kevin	BOS	327.7000	605	603	666	622	110.0826	103.1509	6.9317	94	122	215	207	0.3123	0.6380	109.3000	204	201	186	218	91.1765	108.4577	-17.2812	30	46	75	69	0.3030	0.6198	24.2129	0.0093	0.0182
287	Randolph, Zach	MEM	515.5000	961	959	1022	1014	106.3476	105.7351	0.6124	205	165	336	337	0.3782	0.6707	133.5000	264	267	260	277	98.4848	103.7453	-5.2605	44	49	88	103	0.2993	0.6423	5.8729	0.0789	0.0284
296	Jack, Jarrett	NOH	111.3000	195	195	201	214	103.0769	109.7436	-6.6667	30	42	72	76	0.2830	0.6316	176.7000	322	319	335	365	104.0373	114.4201	-10.3828	49	60	95	111	0.3063	0.6129	3.7161	-0.0233	0.0187
297	Ratliff, Theo	LAL	0.9000	2	2	5	3	250.0000	150.0000	100.0000	0	0	1	0	NULL	1.0000	479.1000	868	869	927	942	106.7972	108.4005	-1.6032	169	123	306	308	0.3543	0.7133	101.6032	NULL	0.2867
298	Carter, Anthony	NYK	48.7667	93	93	90	80	96.7742	86.0215	10.7527	21	16	29	36	0.3684	0.6444	143.2333	270	271	273	317	101.1111	116.9742	-15.8631	67	56	83	102	0.3964	0.5971	26.6158	-0.0280	0.0473
304	Howard, Juwan	MIA	60.0833	106	112	123	129	116.0377	115.1786	0.8592	24	11	34	32	0.4286	0.7556	957.9167	1722	1720	1825	1763	105.9814	102.5000	3.4814	296	316	656	610	0.3267	0.6749	-2.6222	0.1019	0.0807
313	Arenas, Gilbert	ORL	81.0500	146	147	161	162	110.2740	110.2041	0.0699	30	27	54	45	0.4000	0.6667	206.9500	373	371	371	359	99.4638	96.7655	2.6983	81	73	144	145	0.3584	0.6636	-2.6284	0.0416	0.0031
315	Jeffries, Jared	NYK	84.6333	157	156	160	169	101.9108	108.3333	-6.4225	47	28	48	57	0.4519	0.6316	107.3667	206	208	203	228	98.5437	109.6154	-11.0717	41	44	64	81	0.3361	0.5926	4.6492	0.1158	0.0390
319	Bosh, Chris	MIA	834.1667	1496	1492	1575	1506	105.2807	100.9383	4.3424	261	258	570	526	0.3316	0.6884	183.8333	332	340	373	386	112.3494	113.5294	-1.1800	59	69	120	116	0.3371	0.6349	5.5224	-0.0055	0.0535
322	Haywood, Brendan	DAL	274.4667	494	505	598	562	121.0526	111.2871	9.7655	79	94	172	167	0.3211	0.6466	738.5333	1347	1345	1465	1380	108.7602	102.6022	6.1580	217	240	473	472	0.3149	0.6634	3.6075	0.0062	-0.0168
323	Thomas, Etan	ATL	6.6000	13	13	15	19	115.3846	146.1538	-30.7692	5	2	1	3	0.6250	0.3333	569.4000	1013	1016	1020	1069	100.6910	105.2165	-4.5255	182	206	367	389	0.3187	0.6405	-26.2437	0.3063	-0.3072
330	Bonner, Matt	SAS	122.5167	234	234	248	260	105.9829	111.1111	-5.1282	44	41	81	93	0.3212	0.6639	170.4833	323	321	318	325	98.4520	101.2461	-2.7941	48	46	118	111	0.3019	0.7195	-2.3341	0.0193	-0.0556
355	Blake, Steve	LAL	145.3667	254	258	272	274	107.0866	106.2016	0.8851	60	40	97	90	0.4000	0.7080	334.6333	616	613	660	671	107.1429	109.4617	-2.3188	109	83	210	218	0.3333	0.7167	3.2039	0.0667	-0.0087
366	Bogans, Keith	CHI	307.2667	549	557	573	548	104.3716	98.3842	5.9874	125	88	214	208	0.3754	0.7086	465.7333	854	840	907	864	106.2061	102.8571	3.3489	186	142	307	285	0.3949	0.6837	2.6385	-0.0195	0.0249
383	Smith, Joe	LAL	10.7833	19	22	21	27	110.5263	122.7273	-12.2010	3	2	7	9	0.2500	0.7778	469.2167	851	849	911	918	107.0505	108.1272	-1.0767	166	121	300	299	0.3570	0.7126	-11.1243	-0.1070	0.0652
430	Powell, Josh	ATL	47.6333	90	88	99	91	110.0000	103.4091	6.5909	16	18	36	32	0.3333	0.6667	528.3667	936	941	936	997	100.0000	105.9511	-5.9511	171	190	332	360	0.3220	0.6360	12.5420	0.0113	0.0307
439	Mbenga, DJ	NOH	25.9000	45	44	52	55	115.5556	125.0000	-9.4444	11	8	15	14	0.4400	0.6522	262.1000	472	470	484	524	102.5424	111.4894	-8.9470	68	94	152	173	0.2822	0.6179	-0.4974	0.1578	0.0343
454	Wafer, Von	BOS	5.1333	10	10	8	11	80.0000	110.0000	-30.0000	1	3	4	3	0.2500	0.5714	431.8667	799	794	844	829	105.6320	104.4081	1.2240	123	165	286	273	0.3106	0.6341	-31.2240	-0.0606	-0.0627
459	Walton, Luke	LAL	4.3167	10	9	6	8	60.0000	88.8889	-28.8889	3	0	4	5	0.3750	1.0000	475.6833	860	862	926	937	107.6744	108.7007	-1.0263	166	123	303	303	0.3539	0.7113	-27.8626	0.0211	0.2887
468	Foster, Jeff	IND	93.1333	169	170	188	175	111.2426	102.9412	8.3014	37	42	51	65	0.3627	0.5484	146.8667	284	284	263	313	92.6056	110.2113	-17.6056	51	71	91	107	0.3228	0.5617	25.9070	0.0399	-0.0133
484	Cardinal, Brian	DAL	36.9000	68	74	81	74	119.1176	100.0000	19.1176	10	14	23	18	0.3571	0.6216	976.1000	1773	1776	1982	1868	111.7879	105.1802	6.6077	286	320	622	621	0.3153	0.6603	12.5099	0.0418	-0.0387
501	Allen, Tony	MEM	349.9167	638	668	651	698	102.0376	104.4910	-2.4534	132	109	226	240	0.3548	0.6746	299.0833	587	558	631	593	107.4957	106.2724	1.2233	117	105	198	200	0.3691	0.6535	-3.6767	-0.0143	0.0211
516	Turiaf, Ronny	NYK	74.6833	141	142	136	166	96.4539	116.9014	-20.4475	32	35	44	55	0.3678	0.5570	117.3167	222	222	227	231	102.2523	104.0541	-1.8018	56	37	68	83	0.4029	0.6476	-18.6457	-0.0351	-0.0906
518	Boozer, Carlos	CHI	507.2833	932	908	1001	936	107.4034	103.0837	4.3197	207	145	334	333	0.3833	0.6973	265.7167	471	489	479	476	101.6985	97.3415	4.3570	104	85	187	160	0.3939	0.6875	-0.0373	-0.0106	0.0098
537	Stoudemire, Amare	NYK	133.5167	253	254	233	293	92.0949	115.3543	-23.2595	63	53	77	104	0.3772	0.5923	58.4833	110	110	130	104	118.1818	94.5455	23.6364	25	19	35	34	0.4237	0.6481	-46.8959	-0.0465	-0.0558
541	Green, Willie	NOH	83.4833	150	147	159	173	106.0000	117.6871	-11.6871	19	44	42	52	0.2676	0.4884	204.5167	367	367	377	406	102.7248	110.6267	-7.9019	60	58	125	135	0.3077	0.6831	-3.7852	-0.0401	-0.1947
552	Powe, Leon	MEM	14.0500	29	29	32	41	110.3448	141.3793	-31.0345	7	3	10	9	0.4375	0.7692	634.9500	1196	1197	1250	1250	104.5151	104.4277	0.0873	242	211	414	431	0.3596	0.6624	-31.1218	0.0779	0.1068
553	Rondo, Rajon	BOS	345.2833	644	645	701	645	108.8509	100.0000	8.8509	103	139	237	211	0.3280	0.6303	91.7167	165	159	151	195	91.5152	122.6415	-31.1264	21	29	53	65	0.2442	0.6463	39.9773	0.0838	-0.0160
558	Sefolosha, Thabo	OKC	344.4167	650	658	623	671	95.8462	101.9757	-6.1295	111	115	260	241	0.3153	0.6933	496.5833	961	951	1119	1039	116.4412	109.2534	7.1878	193	196	329	293	0.3971	0.6267	-13.3173	-0.0818	0.0666
560	Brown, Shannon	LAL	165.9000	297	298	312	344	105.0505	115.4362	-10.3857	67	38	106	107	0.3851	0.7361	314.1000	573	573	620	601	108.2024	104.8866	3.3159	102	85	201	201	0.3366	0.7028	-13.7016	0.0485	0.0333
563	Barea, Jose	DAL	390.2000	703	717	792	816	112.6600	113.8075	-1.1475	108	147	230	265	0.2895	0.6101	622.8000	1138	1133	1271	1126	111.6872	99.3822	12.3050	188	187	415	374	0.3345	0.6894	-13.4525	-0.0450	-0.0793
569	Novak, Steve	SAS	5.7167	12	11	12	10	100.0000	90.9091	9.0909	3	1	5	5	0.3750	0.8333	287.2833	545	544	554	575	101.6514	105.6985	-4.0472	89	86	194	199	0.3090	0.6929	13.1381	0.0660	0.1404
573	Williams, Shawne	NYK	101.1167	196	197	209	194	106.6327	98.4772	8.1555	40	31	60	72	0.3571	0.6593	90.8833	167	167	154	203	92.2156	121.5569	-29.3413	48	41	52	66	0.4211	0.5591	37.4968	-0.0640	0.1002
594	Armstrong, Hilton	ATL	35.4333	67	63	64	63	95.5224	100.0000	-4.4776	18	14	20	25	0.4186	0.5882	540.5667	959	966	971	1025	101.2513	106.1077	-4.8564	169	194	348	367	0.3153	0.6421	0.3788	0.1033	-0.0539
599	Redick, J.J.	ORL	120.1333	224	220	251	236	112.0536	107.2727	4.7808	49	38	83	73	0.4016	0.6860	167.8667	295	298	281	285	95.2542	95.6376	-0.3833	62	62	115	117	0.3464	0.6497	5.1641	0.0552	0.0363
606	Roy, Brandon	POR	137.7333	247	245	259	283	104.8583	115.5102	-10.6519	43	46	81	93	0.3162	0.6378	150.2667	258	260	270	277	104.6512	106.5385	-1.8873	37	47	97	87	0.2984	0.6736	-8.7646	0.0178	-0.0358
607	Aldridge, LaMarcus	POR	258.0167	451	449	473	524	104.8780	116.7038	-11.8257	71	76	149	162	0.3047	0.6622	29.9833	54	56	56	36	103.7037	64.2857	39.4180	9	17	29	18	0.3333	0.6304	-51.2437	-0.0286	0.0318
617	Brewer, Ronnie	CHI	260.4000	453	469	459	472	101.3245	100.6397	0.6848	113	89	180	156	0.4201	0.6691	512.6000	950	928	1021	940	107.4737	101.2931	6.1806	198	141	341	337	0.3701	0.7075	-5.4958	0.0500	-0.0384
622	Mason, Roger	NYK	55.4333	108	106	120	110	111.1111	103.7736	7.3375	18	16	33	37	0.3273	0.6735	136.5667	255	258	243	287	95.2941	111.2403	-15.9462	70	56	79	101	0.4094	0.5852	23.2837	-0.0821	0.0883
660	Mahinmi, Ian	DAL	33.3667	63	64	66	78	104.7619	121.8750	-17.1131	7	12	14	22	0.2414	0.5385	979.6333	1778	1786	1997	1864	112.3172	104.3673	7.9499	289	322	631	617	0.3190	0.6621	-25.0630	-0.0776	-0.1236
662	McRoberts, Josh	IND	78.7833	149	150	153	154	102.6846	102.6667	0.0179	29	32	47	57	0.3372	0.5949	161.2167	304	304	298	334	98.0263	109.8684	-11.8421	59	81	95	115	0.3391	0.5398	11.8600	-0.0019	0.0551
667	Landry, Carl	NOH	212.7167	377	374	375	417	99.4695	111.4973	-12.0278	54	75	122	140	0.2784	0.6193	75.2833	140	140	161	162	115.0000	115.7143	-0.7143	25	27	45	47	0.3472	0.6250	-11.3135	-0.0688	-0.0057
673	Belinelli, Marco	NOH	172.8500	318	315	313	348	98.4277	110.4762	-12.0485	51	57	99	118	0.3018	0.6346	115.1500	199	199	223	231	112.0603	116.0804	-4.0201	28	45	68	69	0.2887	0.6018	-8.0284	0.0131	0.0328
675	Davis, Glen	BOS	191.3833	346	344	351	398	101.4451	115.6977	-14.2526	63	74	117	114	0.3559	0.6126	245.6167	463	460	501	442	108.2073	96.0870	12.1204	61	94	173	162	0.2735	0.6479	-26.3730	0.0824	-0.0353
679	Chandler, Wilson	DEN	114.8333	228	229	231	233	101.3158	101.7467	-0.4309	35	48	85	91	0.2778	0.6391	125.1667	247	246	256	278	103.6437	113.0081	-9.3644	46	46	84	96	0.3239	0.6462	8.9335	-0.0461	-0.0071
681	Young, Thaddeus	PHI	126.8167	227	229	207	262	91.1894	114.4105	-23.2211	50	48	76	96	0.3425	0.6129	113.1833	203	200	226	208	111.3300	104.0000	7.3300	33	38	80	77	0.3000	0.6780	-30.5511	0.0425	-0.0651
685	Gray, Aaron	NOH	86.8833	161	158	179	175	111.1801	110.7595	0.4206	23	27	56	56	0.2911	0.6747	201.1167	356	356	357	404	100.2809	113.4831	-13.2022	56	75	111	131	0.2995	0.5968	13.6228	-0.0084	0.0779
686	Noah, Joakim	CHI	529.5333	965	966	1045	987	108.2902	102.1739	6.1162	211	148	358	348	0.3775	0.7075	243.4667	438	431	435	425	99.3151	98.6079	0.7072	100	82	163	145	0.4082	0.6653	5.4090	-0.0307	0.0422
689	Afflalo, Arron	DEN	85.1167	172	173	161	180	93.6047	104.0462	-10.4416	25	31	69	77	0.2451	0.6900	154.8833	303	302	326	331	107.5908	109.6026	-2.0119	56	63	100	110	0.3373	0.6135	-8.4297	-0.0922	0.0765
695	Horford, Al	ATL	467.8667	826	834	839	906	101.5738	108.6331	-7.0592	138	153	298	319	0.3020	0.6608	108.1333	200	195	196	182	98.0000	93.3333	4.6667	49	55	70	73	0.4016	0.5600	-11.7259	-0.0996	0.1008
700	Anthony, Joel	MIA	574.7167	1005	1016	1090	1022	108.4577	100.5906	7.8672	185	216	390	362	0.3382	0.6436	443.2833	823	816	858	870	104.2527	106.6176	-2.3649	135	111	300	280	0.3253	0.7299	10.2321	0.0129	-0.0863
701	Cook, Daequan	OKC	195.1000	369	366	426	405	115.4472	110.6557	4.7914	64	72	128	121	0.3459	0.6400	645.9000	1242	1243	1316	1305	105.9581	104.9879	0.9702	240	239	461	413	0.3675	0.6586	3.8212	-0.0216	-0.0186
707	Conley, Mike	MEM	506.8333	948	950	1000	1002	105.4852	105.4737	0.0115	193	170	329	341	0.3614	0.6593	142.1667	277	276	282	289	101.8051	104.7101	-2.9051	56	44	95	99	0.3613	0.6835	2.9166	0.0001	-0.0242
712	Brewer, Corey	DAL	22.9500	43	45	43	36	100.0000	80.0000	20.0000	8	9	17	13	0.3810	0.6538	990.0500	1798	1805	2020	1906	112.3471	105.5956	6.7515	288	325	628	626	0.3151	0.6590	13.2485	0.0659	-0.0052
714	Durant, Kevin	OKC	722.2000	1395	1386	1500	1449	107.5269	104.5455	2.9814	277	262	514	463	0.3743	0.6624	118.8000	216	223	242	261	112.0370	117.0404	-5.0033	27	49	75	71	0.2755	0.6048	7.9847	0.0988	0.0576
715	Green, Jeff	BOS	172.5333	327	318	313	339	95.7187	106.6038	-10.8851	48	68	114	111	0.3019	0.6264	264.4667	482	486	539	501	111.8257	103.0864	8.7393	76	100	176	165	0.3154	0.6377	-19.6244	-0.0135	-0.0113
719	Hawes, Spencer	PHI	98.0333	171	171	191	187	111.6959	109.3567	2.3392	33	44	62	62	0.3474	0.5849	141.9667	259	258	242	283	93.4363	109.6899	-16.2536	50	42	94	111	0.3106	0.6912	18.5928	0.0368	-0.1063
722	Smith, Jason	NOH	57.5500	107	105	119	128	111.2150	121.9048	-10.6898	16	23	31	34	0.3200	0.5741	230.4500	410	409	417	451	101.7073	110.2689	-8.5616	63	79	136	153	0.2917	0.6326	-2.1282	0.0283	-0.0585
726	Watson, C.J.	CHI	136.3167	238	245	225	253	94.5378	103.2653	-8.7275	54	42	87	81	0.4000	0.6744	636.6833	1165	1152	1255	1159	107.7253	100.6076	7.1177	257	188	434	412	0.3842	0.6977	-15.8452	0.0158	-0.0233
734	Fernandez, Rudy	POR	80.8500	143	141	154	153	107.6923	108.5106	-0.8183	27	30	53	48	0.3600	0.6386	207.1500	362	364	375	407	103.5912	111.8132	-8.2220	53	63	125	132	0.2865	0.6649	7.4037	0.0735	-0.0263
736	Batum, Nicolas	POR	150.8667	264	269	284	312	107.5758	115.9851	-8.4094	41	57	86	89	0.3154	0.6014	137.1333	241	236	245	248	101.6598	105.0847	-3.4250	39	36	92	91	0.3000	0.7188	-4.9844	0.0154	-0.1174
748	Koufos, Kosta	DEN	2.1667	4	4	4	2	100.0000	50.0000	50.0000	0	0	1	2	0.0000	1.0000	237.8333	471	471	483	509	102.5478	108.0679	-5.5202	81	94	168	185	0.3045	0.6412	55.5202	-0.3045	0.3588
752	Walker, Bill	NYK	89.1167	168	167	189	182	112.5000	108.9820	3.5180	47	23	51	56	0.4563	0.6892	102.8833	195	197	174	215	89.2308	109.1371	-19.9063	41	49	61	82	0.3333	0.5545	23.4243	0.1230	0.1347
755	Rose, Derrick	CHI	649.5000	1188	1174	1268	1185	106.7340	100.9370	5.7970	264	192	441	422	0.3848	0.6967	123.5000	215	223	212	227	98.6047	101.7937	-3.1891	47	38	80	71	0.3983	0.6780	8.9861	-0.0135	0.0187
762	Hibbert, Roy	IND	131.7500	250	252	228	270	91.2000	107.1429	-15.9429	48	67	83	97	0.3310	0.5533	108.2500	203	202	223	218	109.8522	107.9208	1.9314	40	46	59	75	0.3478	0.5619	-17.8743	-0.0168	-0.0086
763	Rush, Brandon	IND	55.1833	101	107	112	119	110.8911	111.2150	-0.3239	21	29	29	36	0.3684	0.5000	184.8167	352	347	339	369	96.3068	106.3401	-10.0332	67	84	113	136	0.3300	0.5736	9.7093	0.0384	-0.0736
768	Arthur, Darrell	MEM	200.7333	380	385	371	426	97.6316	110.6494	-13.0178	70	75	127	151	0.3167	0.6287	448.2667	845	841	911	865	107.8107	102.8537	4.9569	179	139	297	289	0.3825	0.6812	-17.9747	-0.0658	-0.0525
769	Gasol, Marc	MEM	518.7167	975	972	1020	991	104.6154	101.9547	2.6607	200	171	336	345	0.3670	0.6627	130.2833	250	254	262	300	104.8000	118.1102	-13.3102	49	43	88	95	0.3403	0.6718	15.9709	0.0267	-0.0091
770	Haddadi, Hamed	MEM	30.5833	65	64	76	68	116.9231	106.2500	10.6731	15	11	24	22	0.4054	0.6857	618.4167	1160	1162	1206	1223	103.9655	105.2496	-1.2841	234	203	400	418	0.3589	0.6633	11.9572	0.0465	0.0224
771	Mayo, O.J.	MEM	362.1500	700	685	780	743	111.4286	108.4672	2.9614	147	130	241	231	0.3889	0.6496	286.8500	525	541	502	548	95.6190	101.2939	-5.6749	102	84	183	209	0.3280	0.6854	8.6363	0.0609	-0.0358
773	Chalmers, Mario	MIA	510.8000	929	927	1032	953	111.0872	102.8047	8.2824	158	148	346	304	0.3420	0.7004	507.2000	899	905	916	939	101.8910	103.7569	-1.8659	162	179	344	338	0.3240	0.6577	10.1483	0.0180	0.0427
779	Anderson, Ryan	ORL	147.3500	272	260	304	273	111.7647	105.0000	6.7647	67	45	99	83	0.4467	0.6875	140.6500	247	258	228	248	92.3077	96.1240	-3.8163	44	55	99	107	0.2914	0.6429	10.5810	0.1553	0.0446
784	Gallinari, Danilo	DEN	147.6667	288	289	303	308	105.2083	106.5744	-1.3661	49	54	107	110	0.3082	0.6646	92.3333	187	186	184	203	98.3957	109.1398	-10.7441	32	40	62	77	0.2936	0.6078	9.3780	0.0146	0.0568
786	Westbrook, Russell	OKC	638.3000	1223	1212	1310	1281	107.1137	105.6931	1.4206	247	232	455	409	0.3765	0.6623	202.7000	388	397	432	429	111.3402	108.0605	3.2798	57	79	134	125	0.3132	0.6291	-1.8592	0.0633	0.0332
789	Speights, Marreese	PHI	20.7667	40	41	35	34	87.5000	82.9268	4.5732	3	3	15	20	0.1304	0.8333	219.2333	390	388	398	436	102.0513	112.3711	-10.3199	80	83	141	153	0.3433	0.6295	14.8931	-0.2129	0.2038
793	Hill, George	SAS	189.2500	356	360	371	395	104.2135	109.7222	-5.5087	60	56	117	133	0.3109	0.6763	103.7500	201	195	195	190	97.0149	97.4359	-0.4210	32	31	82	71	0.3107	0.7257	-5.0877	0.0002	-0.0494
803	Johnson, Trey	LAL	11.5500	20	22	15	23	75.0000	104.5455	-29.5455	5	2	9	11	0.3125	0.8182	468.4500	850	849	917	922	107.8824	108.5984	-0.7160	164	121	298	297	0.3557	0.7112	-28.8295	-0.0432	0.1070
806	Teague, Jeff	ATL	238.1000	424	430	433	465	102.1226	108.1395	-6.0169	62	87	154	161	0.2780	0.6390	337.9000	602	599	602	623	100.0000	104.0067	-4.0067	125	121	214	231	0.3511	0.6388	-2.0102	-0.0731	0.0002
811	Gibson, Taj	CHI	283.5833	505	516	509	488	100.7921	94.5736	6.2184	111	89	203	169	0.3964	0.6952	489.4167	898	881	971	924	108.1292	104.8808	3.2484	200	141	318	324	0.3817	0.6928	2.9700	0.0147	0.0024
813	Green, Danny	SAS	7.1667	17	17	17	14	100.0000	82.3529	17.6471	3	1	8	6	0.3333	0.8889	285.8333	540	538	549	571	101.6667	106.1338	-4.4672	89	86	191	198	0.3101	0.6895	22.1143	0.0232	0.1994
816	Lawson, Ty	DEN	166.8167	330	323	339	340	102.7273	105.2632	-2.5359	55	62	121	133	0.2926	0.6612	73.1833	145	152	148	171	102.0690	112.5000	-10.4310	26	32	48	54	0.3250	0.6000	7.8951	-0.0324	0.0612
825	Hansbrough, Tyler	IND	164.1333	314	311	307	343	97.7707	110.2894	-12.5187	59	79	97	117	0.3352	0.5511	75.8667	139	143	144	145	103.5971	101.3986	2.1985	29	34	45	55	0.3452	0.5696	-14.7172	-0.0100	-0.0185
826	Price, A.J.	IND	79.9667	151	149	146	161	96.6887	108.0537	-11.3649	26	34	47	60	0.3023	0.5802	160.0333	302	305	305	327	100.9934	107.2131	-6.2197	62	79	95	112	0.3563	0.5460	-5.1452	-0.0540	0.0342
834	Young, Sam	MEM	255.9333	481	479	468	487	97.2973	101.6701	-4.3728	85	76	161	184	0.3160	0.6793	393.0667	744	747	814	804	109.4086	107.6305	1.7781	164	138	263	256	0.3905	0.6559	-6.1509	-0.0745	0.0234
837	Meeks, Jodie	PHI	124.6667	233	228	226	240	96.9957	105.2632	-8.2674	45	43	90	96	0.3191	0.6767	115.3333	197	201	207	230	105.0761	114.4279	-9.3517	38	43	66	77	0.3304	0.6055	1.0843	-0.0113	0.0712
841	Collison, Darren	IND	145.8000	274	274	275	299	100.3650	109.1241	-8.7591	59	75	88	103	0.3642	0.5399	94.2000	179	180	176	189	98.3240	105.0000	-6.6760	29	38	54	69	0.2959	0.5870	-2.0831	0.0683	-0.0471
843	Douglas, Toney	NYK	112.1000	208	212	199	246	95.6731	116.0377	-20.3647	61	42	66	86	0.4150	0.6111	79.9000	155	152	164	151	105.8065	99.3421	6.4643	27	30	46	52	0.3418	0.6053	-26.8290	0.0732	0.0058
846	Harden, James	OKC	536.7500	1045	1040	1207	1127	115.5024	108.3654	7.1370	210	210	361	317	0.3985	0.6322	304.2500	566	569	535	583	94.5230	102.4605	-7.9375	94	101	228	217	0.3023	0.6930	15.0745	0.0962	-0.0608
847	Ibaka, Serge	OKC	490.4000	938	935	991	1016	105.6503	108.6631	-3.0128	181	174	345	308	0.3701	0.6647	350.6000	673	674	751	694	111.5899	102.9674	8.6225	123	137	244	226	0.3524	0.6404	-11.6353	0.0177	0.0243
849	Holiday, Jrue	PHI	188.0167	339	333	353	367	104.1298	110.2102	-6.0804	60	67	120	134	0.3093	0.6417	51.9833	91	96	80	103	87.9121	107.2917	-19.3796	23	19	36	39	0.3710	0.6545	13.2992	-0.0617	-0.0128
850	Clark, Earl	ORL	6.0167	12	13	10	16	83.3333	123.0769	-39.7436	2	2	4	7	0.2222	0.6667	281.9833	507	505	522	505	102.9586	100.0000	2.9586	109	98	194	183	0.3733	0.6644	-42.7022	-0.1511	0.0023
853	Mills, Patrick	POR	5.1500	11	10	8	4	72.7273	40.0000	32.7273	2	2	7	4	0.3333	0.7778	282.8500	494	495	521	556	105.4656	112.3232	-6.8576	78	91	171	176	0.3071	0.6527	39.5849	0.0262	0.1251
858	Blair, DeJuan	SAS	50.3333	98	99	103	91	105.1020	91.9192	13.1828	18	14	41	37	0.3273	0.7455	242.6667	459	456	463	494	100.8715	108.3333	-7.4619	74	73	158	167	0.3071	0.6840	20.6447	0.0202	0.0615
861	Matthews, Wes	POR	202.0333	357	355	368	394	103.0812	110.9859	-7.9047	56	60	120	128	0.3043	0.6667	85.9667	148	150	161	166	108.7838	110.6667	-1.8829	24	33	58	52	0.3158	0.6374	-6.0218	-0.0115	0.0293
862	Maynor, Eric	OKC	220.1667	423	431	464	473	109.6927	109.7448	-0.0521	64	86	142	136	0.3200	0.6228	620.8333	1188	1178	1278	1237	107.5758	105.0085	2.5673	240	225	447	398	0.3762	0.6652	-2.6194	-0.0562	-0.0424
875	Sy, Pape	ATL	10.9667	18	19	19	13	105.5556	68.4211	37.1345	6	2	7	5	0.5455	0.7778	565.0333	1008	1010	1016	1075	100.7937	106.4356	-5.6420	181	206	361	387	0.3187	0.6367	42.7765	0.2268	0.1411
880	Asik, Omer	CHI	147.9667	255	261	253	252	99.2157	96.5517	2.6640	55	54	95	89	0.3819	0.6376	625.0333	1148	1136	1227	1160	106.8815	102.1127	4.7689	256	176	426	404	0.3879	0.7076	-2.1049	-0.0060	-0.0700
885	Forbes, Gary	DEN	2.1667	4	4	4	2	100.0000	50.0000	50.0000	0	0	1	2	0.0000	1.0000	237.8333	471	471	483	509	102.5478	108.0679	-5.5202	81	94	168	185	0.3045	0.6412	55.5202	-0.3045	0.3588
892	Smith, Ishmael	MEM	9.8333	21	20	20	25	95.2381	125.0000	-29.7619	4	3	7	8	0.3333	0.7000	639.1667	1204	1206	1262	1266	104.8173	104.9751	-0.1578	245	211	417	432	0.3619	0.6640	-29.6041	-0.0286	0.0360
894	Vasquez, Greivis	MEM	141.5000	275	273	278	283	101.0909	103.6630	-2.5721	56	46	96	100	0.3590	0.6761	507.5000	950	953	1004	1008	105.6842	105.7712	-0.0870	193	168	328	340	0.3621	0.6613	-2.4851	-0.0031	0.0148
901	George, Paul	IND	132.9167	249	255	238	267	95.5823	104.7059	-9.1236	40	58	84	99	0.2878	0.5915	107.0833	204	199	213	221	104.4118	111.0553	-6.6435	48	55	58	73	0.3967	0.5133	-2.4801	-0.1089	0.0782
914	Pondexter, Quincy	NOH	8.5000	17	14	18	15	105.8824	107.1429	-1.2605	4	0	7	5	0.4444	1.0000	279.5000	500	500	518	564	103.6000	112.8000	-9.2000	75	102	160	182	0.2918	0.6107	7.9395	0.1526	0.3893
915	Fields, Landry	NYK	70.6167	135	139	123	150	91.1111	107.9137	-16.8026	30	36	48	57	0.3448	0.5714	121.3833	228	225	240	247	105.2632	109.7778	-4.5146	58	36	64	81	0.4173	0.6400	-12.2880	-0.0725	-0.0686
921	Turner, Evan	PHI	96.8833	174	175	162	184	93.1034	105.1429	-12.0394	29	31	67	70	0.2929	0.6837	143.1167	256	254	271	286	105.8594	112.5984	-6.7391	54	55	89	103	0.3439	0.6181	-5.3003	-0.0510	0.0656
926	Johnson, Armon	POR	0.3167	0	0	0	0	NULL	NULL	NULL	0	0	1	0	NULL	1.0000	287.6833	505	505	529	560	104.7525	110.8911	-6.1386	80	93	177	180	0.3077	0.6556	NULL	NULL	0.3444
929	Neal, Gary	SAS	110.7167	214	215	228	250	106.5421	116.2791	-9.7370	46	31	69	83	0.3566	0.6900	182.2833	343	340	338	335	98.5423	98.5294	0.0129	46	56	130	121	0.2754	0.6989	-9.7499	0.0812	-0.0089
930	Splitter, Tiago	SAS	50.1000	93	94	95	104	102.1505	110.6383	-8.4878	14	11	28	39	0.2642	0.7179	242.9000	464	461	471	481	101.5086	104.3384	-2.8298	78	76	171	165	0.3210	0.6923	-5.6580	-0.0568	0.0256
941	Johnson, Chris	POR	18.7667	32	35	39	24	121.8750	68.5714	53.3036	3	9	20	8	0.2727	0.6897	269.2333	473	470	490	536	103.5941	114.0426	-10.4485	77	84	158	172	0.3092	0.6529	63.7521	-0.0365	0.0368
943	Ewing Jr., Patrick	NOH	2.0833	5	3	5	6	100.0000	200.0000	-100.0000	0	0	1	2	0.0000	1.0000	285.9167	512	511	531	573	103.7109	112.1331	-8.4221	79	102	166	185	0.2992	0.6194	-91.5779	-0.2992	0.3806
