PlayerID	PlayerTrueName	Team	MinOnCourt	PossForOnCourt	PossOppOnCourt	PointsForOnCourt	PointsOppOnCourt	OffRtgOnCourt	DefRtgOnCourt	OverallRtgOnCourt	ORebForOnCourt	ORebOppOnCourt	DRebForOnCourt	DRebOppOnCourt	ORebRateOnCourt	DRebRateOnCourt	MinOffCourt	PossForOffCourt	PossOppOffCourt	PointsForOffCourt	PointsOppOffCourt	OffRtgOffCourt	DefRtgOffCourt	OverallRtgOffCourt	ORebForOffCourt	ORebOppOffCourt	DRebForOffCourt	DRebOppOffCourt	ORebRateOffCourt	DRebRateOffCourt	OverallRtgOnCourtMinusOffCourt	ORebRateOnCourtMinusOffCourt	DRebRateOnCourtMinusOffCourt
1	Howard, Josh	DAL	294.7167	566	567	638	612	112.7208	107.9365	4.7843	89	78	214	187	0.3225	0.7329	185.2833	337	338	378	413	112.1662	122.1893	-10.0232	52	58	117	118	0.3059	0.6686	14.8075	0.0166	0.0643
2	Thomas, Kurt	SAS	79.7833	145	144	128	166	88.2759	115.2778	-27.0019	19	19	53	63	0.2317	0.7361	160.2167	288	288	324	316	112.5000	109.7222	2.7778	44	40	100	106	0.2933	0.7143	-29.7797	-0.0616	0.0218
3	Dampier, Erick	DAL	254.7833	467	470	550	534	117.7730	113.6170	4.1560	78	73	169	143	0.3529	0.6983	225.2167	436	435	466	491	106.8807	112.8736	-5.9928	63	63	162	162	0.2800	0.7200	10.1488	0.0729	-0.0217
5	Nowitzki, Dirk	DAL	393.8667	752	744	855	833	113.6968	111.9624	1.7344	112	109	276	249	0.3102	0.7169	86.1333	151	161	161	192	106.6225	119.2547	-12.6321	29	27	55	56	0.3412	0.6707	14.3665	-0.0310	0.0462
6	Terry, Jason	DAL	325.4833	616	615	676	727	109.7403	118.2114	-8.4711	101	97	217	213	0.3217	0.6911	154.5167	287	290	340	298	118.4669	102.7586	15.7083	40	39	114	92	0.3030	0.7451	-24.1794	0.0187	-0.0540
10	Jones, James	MIA	235.1667	405	401	438	432	108.1481	107.7307	0.4175	57	71	153	136	0.2953	0.6830	100.8333	179	185	179	179	100.0000	96.7568	3.2432	30	39	70	66	0.3125	0.6422	-2.8257	-0.0172	0.0408
20	House, Eddie	BOS	232.2667	465	438	480	487	103.2258	111.1872	-7.9614	54	70	145	171	0.2400	0.6744	474.7333	880	907	950	943	107.9545	103.9691	3.9854	167	146	344	318	0.3443	0.7020	-11.9468	-0.1043	-0.0276
21	Martin, Kenyon	DEN	502.2000	968	968	1123	1056	116.0124	109.0909	6.9215	151	161	334	335	0.3107	0.6747	217.8000	422	419	510	430	120.8531	102.6253	18.2278	80	65	151	142	0.3604	0.6991	-11.3063	-0.0497	-0.0244
25	Anthony, Carmelo	DEN	571.5333	1097	1101	1322	1204	120.5105	109.3551	11.1554	172	180	381	371	0.3168	0.6791	148.4667	293	286	311	282	106.1433	98.6014	7.5419	59	46	104	106	0.3576	0.6933	3.6135	-0.0408	-0.0142
26	Duncan, Tim	SAS	163.5667	296	295	321	345	108.4459	116.9492	-8.5032	47	50	96	113	0.2938	0.6575	76.4333	137	137	131	137	95.6204	100.0000	-4.3796	16	9	57	56	0.2222	0.8636	-4.1236	0.0716	-0.2061
28	Bowen, Bruce	SAS	129.8167	234	238	255	250	108.9744	105.0420	3.9323	35	28	87	82	0.2991	0.7565	110.1833	199	194	197	232	98.9950	119.5876	-20.5927	28	31	66	87	0.2435	0.6804	24.5250	0.0556	0.0761
29	Finley, Michael	SAS	143.3333	262	260	265	298	101.1450	114.6154	-13.4703	43	39	88	108	0.2848	0.6929	96.6667	171	172	187	184	109.3567	106.9767	2.3800	20	20	65	61	0.2469	0.7647	-15.8503	0.0379	-0.0718
30	Parker, Tony	SAS	181.3000	336	331	354	371	105.3571	112.0846	-6.7274	44	43	116	125	0.2604	0.7296	58.7000	97	101	98	111	101.0309	109.9010	-8.8701	19	16	37	44	0.3016	0.6981	2.1427	-0.0412	0.0315
31	Miller, Andre	PHI	257.9333	474	474	472	529	99.5781	111.6034	-12.0253	66	82	169	170	0.2797	0.6733	30.0667	58	57	59	48	101.7241	84.2105	17.5136	8	4	20	25	0.2424	0.8333	-29.5389	0.0373	-0.1600
33	Barry, Brent	HOU	35.0000	69	71	66	76	95.6522	107.0423	-11.3901	11	11	24	29	0.2750	0.6857	589.0000	1074	1069	1123	1132	104.5624	105.8934	-1.3310	173	180	405	383	0.3112	0.6923	-10.0591	-0.0362	-0.0066
34	Hilario, Nene	DEN	499.1000	965	961	1122	1016	116.2694	105.7232	10.5462	151	151	341	329	0.3146	0.6931	220.9000	425	426	511	470	120.2353	110.3286	9.9067	80	75	144	148	0.3509	0.6575	0.6395	-0.0363	0.0356
37	Oberto, Fabricio	SAS	21.5833	35	35	37	30	105.7143	85.7143	20.0000	4	6	14	15	0.2105	0.7000	218.4167	398	397	415	452	104.2714	113.8539	-9.5825	59	53	139	154	0.2770	0.7240	29.5825	-0.0665	-0.0240
51	Magloire, Jamaal	MIA	47.4833	83	90	83	109	100.0000	121.1111	-21.1111	17	18	28	30	0.3617	0.6087	288.5167	501	496	534	502	106.5868	101.2097	5.3771	70	92	195	172	0.2893	0.6794	-26.4882	0.0724	-0.0707
52	Iguodala, Andre	PHI	268.6333	496	495	494	527	99.5968	106.4646	-6.8679	70	80	179	183	0.2767	0.6911	19.3667	36	36	37	50	102.7778	138.8889	-36.1111	4	6	10	12	0.2500	0.6250	29.2432	0.0267	0.0661
54	Korver, Kyle	UTA	136.2167	268	265	284	297	105.9701	112.0755	-6.1053	53	38	94	100	0.3464	0.7121	103.7833	203	206	203	236	100.0000	114.5631	-14.5631	40	33	63	68	0.3704	0.6563	8.4578	-0.0240	0.0559
55	Williams, Mo	CLE	540.7500	953	941	1106	973	116.0546	103.4006	12.6539	189	149	362	324	0.3684	0.7084	136.2500	251	266	260	274	103.5857	103.0075	0.5781	51	47	101	86	0.3723	0.6824	12.0758	-0.0039	0.0260
59	Salmons, John	CHI	312.7500	600	599	627	682	104.5000	113.8564	-9.3564	97	108	215	213	0.3129	0.6656	58.2500	115	115	131	106	113.9130	92.1739	21.7391	21	16	49	36	0.3684	0.7538	-31.0955	-0.0555	-0.0882
63	Smith, J.R.	DEN	405.5167	794	783	951	851	119.7733	108.6845	11.0888	135	143	272	271	0.3325	0.6554	314.4833	596	604	682	635	114.4295	105.1325	9.2971	96	83	213	206	0.3179	0.7196	1.7917	0.0146	-0.0642
65	Miller, Brad	CHI	185.7833	372	341	399	348	107.2581	102.0528	5.2053	55	56	140	130	0.2973	0.7143	185.2167	343	373	359	440	104.6647	117.9625	-13.2977	63	68	124	119	0.3462	0.6458	18.5030	-0.0489	0.0685
67	Stojakovic, Peja	NOH	162.1167	303	298	269	373	88.7789	125.1678	-36.3889	43	48	89	118	0.2671	0.6496	77.8833	146	153	152	169	104.1096	110.4575	-6.3479	17	19	60	52	0.2464	0.7595	-30.0410	0.0207	-0.1099
68	Bibby, Mike	ATL	389.8000	679	678	705	750	103.8292	110.6195	-6.7903	119	127	216	260	0.3140	0.6297	138.2000	239	236	219	252	91.6318	106.7797	-15.1479	51	47	80	103	0.3312	0.6299	8.3576	-0.0172	-0.0002
69	West, David	NOH	178.4000	330	331	328	413	99.3939	124.7734	-25.3795	40	48	109	116	0.2564	0.6943	61.6000	119	120	93	129	78.1513	107.5000	-29.3487	20	19	40	54	0.2703	0.6780	3.9692	-0.0139	0.0163
70	Paul, Chris	NOH	201.0667	379	378	365	460	96.3061	121.6931	-25.3871	49	55	124	141	0.2579	0.6927	38.9333	70	73	56	82	80.0000	112.3288	-32.3288	11	12	25	29	0.2750	0.6757	6.9417	-0.0171	0.0170
72	Claxton, Speedy	ATL	3.3333	6	6	8	5	133.3333	83.3333	50.0000	4	0	4	1	0.8000	1.0000	524.6667	912	908	916	997	100.4386	109.8018	-9.3632	166	174	292	362	0.3144	0.6266	59.3632	0.4856	0.3734
73	Andersen, Chris	DEN	303.0833	583	586	705	614	120.9262	104.7782	16.1481	117	101	207	201	0.3679	0.6721	416.9167	807	801	928	872	114.9938	108.8639	6.1299	114	125	278	276	0.2923	0.6898	10.0182	0.0756	-0.0177
75	Hart, Jason	DEN	18.8667	37	36	27	39	72.9730	108.3333	-35.3604	6	5	12	13	0.3158	0.7059	701.1333	1353	1351	1606	1447	118.6992	107.1058	11.5933	225	221	473	464	0.3266	0.6816	-46.9537	-0.0108	0.0243
76	Butler, Rasual	NOH	157.5500	294	295	292	364	99.3197	123.3898	-24.0701	43	49	95	108	0.2848	0.6597	82.4500	155	156	129	178	83.2258	114.1026	-30.8768	17	18	54	62	0.2152	0.7500	6.8067	0.0696	-0.0903
83	Bass, Brandon	DAL	191.8000	360	364	419	406	116.3889	111.5385	4.8504	55	49	132	127	0.3022	0.7293	288.2000	543	541	597	619	109.9448	114.4177	-4.4730	86	87	199	178	0.3258	0.6958	9.3234	-0.0236	0.0335
85	Price, Ronnie	UTA	16.0333	30	31	40	37	133.3333	119.3548	13.9785	10	8	11	11	0.4762	0.5789	223.9667	441	440	447	496	101.3605	112.7273	-11.3667	83	63	146	157	0.3458	0.6986	25.3452	0.1304	-0.1197
86	Johnson, Joe	ATL	428.8667	742	737	743	792	100.1348	107.4627	-7.3279	132	155	244	297	0.3077	0.6115	99.1333	176	177	181	210	102.8409	118.6441	-15.8032	38	19	52	66	0.3654	0.7324	8.4753	-0.0577	-0.1209
88	Pachulia, Zaza	ATL	260.1833	442	438	462	479	104.5249	109.3607	-4.8358	93	100	146	171	0.3523	0.5935	267.8167	476	476	462	523	97.0588	109.8739	-12.8151	77	74	150	192	0.2862	0.6696	7.9793	0.0661	-0.0761
93	Foyle, Adonal	ORL	3.8500	10	9	8	11	80.0000	122.2222	-42.2222	0	1	2	3	0.0000	0.6667	1163.1500	2152	2159	2319	2272	107.7602	105.2339	2.5263	351	352	787	784	0.3093	0.6910	-44.7485	-0.3093	-0.0243
94	Smith, Josh	ATL	410.5000	711	708	713	765	100.2813	108.0508	-7.7696	126	142	237	280	0.3103	0.6253	117.5000	207	206	211	237	101.9324	115.0485	-13.1162	44	32	59	83	0.3465	0.6484	5.3466	-0.0362	-0.0231
96	Lue, Tyronn	ORL	3.8500	10	10	11	12	110.0000	120.0000	-10.0000	0	0	2	3	0.0000	1.0000	1163.1500	2152	2158	2316	2271	107.6208	105.2363	2.3845	351	353	787	784	0.3093	0.6904	-12.3845	-0.3093	0.3096
97	Williams, Marvin	ATL	97.3000	179	171	165	181	92.1788	105.8480	-13.6692	27	36	57	72	0.2727	0.6129	430.7000	739	743	759	821	102.7064	110.4980	-7.7916	143	138	239	291	0.3295	0.6340	-5.8776	-0.0568	-0.0211
98	Pietrus, Mickael	ORL	617.7167	1137	1158	1225	1209	107.7397	104.4041	3.3355	202	199	413	411	0.3295	0.6748	549.2833	1025	1010	1102	1074	107.5122	106.3366	1.1756	149	154	376	376	0.2838	0.7094	2.1599	0.0457	-0.0346
103	Fisher, Derek	LAL	608.3500	1153	1159	1279	1184	110.9280	102.1570	8.7710	208	217	413	403	0.3404	0.6556	457.6500	879	873	973	911	110.6940	104.3528	6.3412	156	156	323	315	0.3312	0.6743	2.4298	0.0092	-0.0187
109	Ivey, Royal	PHI	44.6167	84	86	81	81	96.4286	94.1860	2.2425	13	6	31	37	0.2600	0.8378	243.3833	448	445	450	496	100.4464	111.4607	-11.0142	61	80	158	158	0.2785	0.6639	13.2567	-0.0185	0.1739
110	Hinrich, Kirk	CHI	210.3667	410	413	437	449	106.5854	108.7167	-2.1313	71	65	153	140	0.3365	0.7018	160.6333	305	301	321	339	105.2459	112.6246	-7.3787	47	59	111	109	0.3013	0.6529	5.2474	0.0352	0.0489
114	Knight, Brevin	UTA	16.5000	30	30	24	42	80.0000	140.0000	-60.0000	2	9	8	13	0.1333	0.4706	223.5000	441	441	463	491	104.9887	111.3379	-6.3492	91	62	149	155	0.3699	0.7062	-53.6508	-0.2366	-0.2356
118	Chandler, Tyson	NOH	93.5500	171	171	157	220	91.8129	128.6550	-36.8421	18	30	52	68	0.2093	0.6341	146.4500	278	280	264	322	94.9640	115.0000	-20.0360	42	37	97	102	0.2917	0.7239	-16.8061	-0.0824	-0.0898
119	Gordon, Ben	CHI	304.1500	592	583	629	645	106.2500	110.6346	-4.3846	94	107	216	208	0.3113	0.6687	66.8500	123	131	129	143	104.8780	109.1603	-4.2823	24	17	48	41	0.3692	0.7385	-0.1023	-0.0579	-0.0698
125	Thomas, Tim	CHI	15.1167	28	29	27	30	96.4286	103.4483	-7.0197	3	7	10	12	0.2000	0.5882	355.8833	687	685	731	758	106.4047	110.6569	-4.2523	115	117	254	237	0.3267	0.6846	-2.7674	-0.1267	-0.0964
128	Carroll, Matt	DAL	13.6333	23	25	21	26	91.3043	104.0000	-12.6957	4	2	7	10	0.2857	0.7778	466.3667	880	880	995	999	113.0682	113.5227	-0.4545	137	134	324	295	0.3171	0.7074	-12.2412	-0.0314	0.0704
132	Okur, Mehmet	UTA	43.4167	79	79	85	95	107.5949	120.2532	-12.6582	16	16	30	33	0.3265	0.6522	196.5833	392	392	402	438	102.5510	111.7347	-9.1837	77	55	127	135	0.3632	0.6978	-3.4745	-0.0367	-0.0456
136	Kirilenko, Andrei	UTA	136.3167	269	269	271	316	100.7435	117.4721	-16.7286	55	43	82	95	0.3667	0.6560	103.6833	202	202	216	217	106.9307	107.4257	-0.4950	38	28	75	73	0.3423	0.7282	-16.2336	0.0244	-0.0722
137	Collins, Jarron	UTA	35.3500	68	67	72	72	105.8824	107.4627	-1.5803	9	3	23	25	0.2647	0.8846	204.6500	403	404	415	461	102.9777	114.1089	-11.1312	84	68	134	143	0.3700	0.6634	9.5509	-0.1053	0.2212
138	Harpring, Matt	UTA	48.5167	99	97	100	100	101.0101	103.0928	-2.0827	17	20	34	34	0.3333	0.6296	191.4833	372	374	387	433	104.0323	115.7754	-11.7431	76	51	123	134	0.3619	0.7069	9.6604	-0.0286	-0.0773
139	Williams, Deron	UTA	210.7167	420	418	430	466	102.3810	111.4833	-9.1023	84	57	142	150	0.3590	0.7136	29.2833	51	53	57	67	111.7647	126.4151	-14.6504	9	14	15	18	0.3333	0.5172	5.5481	0.0257	0.1964
140	Brown, Devin	NOH	32.6000	62	63	49	75	79.0323	119.0476	-40.0154	5	6	21	23	0.1786	0.7778	207.4000	387	388	372	467	96.1240	120.3608	-24.2368	55	61	128	147	0.2723	0.6772	-15.7786	-0.0937	0.1006
143	O'Neal, Jermaine	MIA	161.7500	284	279	307	292	108.0986	104.6595	3.4391	40	51	108	94	0.2985	0.6792	174.2500	300	307	310	319	103.3333	103.9088	-0.5755	47	59	115	108	0.3032	0.6609	4.0146	-0.0047	0.0183
144	Battie, Tony	ORL	128.3833	237	242	255	264	107.5949	109.0909	-1.4960	39	39	85	74	0.3451	0.6855	1038.6167	1925	1926	2072	2019	107.6364	104.8287	2.8077	312	314	704	713	0.3044	0.6916	-4.3037	0.0407	-0.0061
145	Artest, Ron	HOU	488.0167	880	877	924	931	105.0000	106.1574	-1.1574	141	149	330	318	0.3072	0.6889	135.9833	263	263	265	277	100.7605	105.3232	-4.5627	43	42	99	94	0.3139	0.7021	3.4053	-0.0067	-0.0132
149	Howard, Dwight	ORL	902.7333	1668	1658	1759	1758	105.4556	106.0314	-0.5757	275	282	605	621	0.3069	0.6821	264.2667	494	510	568	525	114.9798	102.9412	12.0386	76	71	184	166	0.3140	0.7216	-12.6143	-0.0071	-0.0395
151	Turkoglu, Hedo	ORL	933.6667	1719	1714	1874	1834	109.0169	107.0012	2.0157	269	273	626	624	0.3012	0.6963	233.3333	443	454	453	449	102.2573	98.8987	3.3587	82	80	163	163	0.3347	0.6708	-1.3430	-0.0335	0.0255
158	Nelson, Jameer	ORL	89.8000	162	161	168	181	103.7037	112.4224	-8.7187	32	27	56	61	0.3441	0.6747	1077.2000	2000	2007	2159	2102	107.9500	104.7334	3.2166	319	326	733	726	0.3053	0.6922	-11.9353	0.0388	-0.0175
163	Evans, Reggie	PHI	36.1500	69	68	57	67	82.6087	98.5294	-15.9207	11	7	27	31	0.2619	0.7941	251.8500	463	463	474	510	102.3758	110.1512	-7.7754	63	79	162	164	0.2775	0.6722	-8.1453	-0.0156	0.1219
166	Allen, Ray	BOS	564.9833	1073	1064	1167	1137	108.7605	106.8609	1.8996	192	174	392	376	0.3380	0.6926	142.0167	272	281	263	293	96.6912	104.2705	-7.5793	29	42	97	113	0.2042	0.6978	9.4789	0.1338	-0.0052
168	Petro, Johan	DEN	26.4500	52	51	50	58	96.1538	113.7255	-17.5716	8	8	16	17	0.3200	0.6667	693.5500	1338	1336	1583	1428	118.3109	106.8862	11.4247	223	218	469	460	0.3265	0.6827	-28.9963	-0.0065	-0.0160
170	Lewis, Rashard	ORL	985.8667	1834	1829	1979	1930	107.9062	105.5221	2.3841	287	299	669	670	0.2999	0.6911	181.1333	328	339	348	353	106.0976	104.1298	1.9678	64	54	120	117	0.3536	0.6897	0.4163	-0.0537	0.0014
174	Murray, Ronald (Flip)	ATL	340.6167	584	585	599	642	102.5685	109.7436	-7.1751	117	109	190	230	0.3372	0.6355	187.3833	334	329	325	360	97.3054	109.4225	-12.1171	53	65	106	133	0.2849	0.6199	4.9420	0.0523	0.0156
178	Singleton, James	DAL	41.4667	76	80	70	108	92.1053	135.0000	-42.8947	14	15	21	29	0.3256	0.5833	438.5333	827	825	946	917	114.3894	111.1515	3.2378	127	121	310	276	0.3151	0.7193	-46.1325	0.0105	-0.1360
186	Bryant, Kobe	LAL	894.8833	1705	1698	1925	1755	112.9032	103.3569	9.5463	307	317	607	604	0.3370	0.6569	171.1167	327	334	327	340	100.0000	101.7964	-1.7964	57	56	129	114	0.3333	0.6973	11.3427	0.0037	-0.0404
187	Odom, Lamar	LAL	702.6333	1345	1345	1538	1368	114.3494	101.7100	12.6394	251	248	486	453	0.3565	0.6621	363.3667	687	687	714	727	103.9301	105.8224	-1.8923	113	125	250	265	0.2989	0.6667	14.5317	0.0576	-0.0046
189	Brown, Kwame	DET	48.3500	80	77	77	99	96.2500	128.5714	-32.3214	15	21	27	27	0.3571	0.5625	143.6500	250	249	235	275	94.0000	110.4418	-16.4418	37	35	85	105	0.2606	0.7083	-15.8796	0.0965	-0.1458
191	Cook, Brian	HOU	32.0000	63	63	54	71	85.7143	112.6984	-26.9841	14	12	18	26	0.3500	0.6000	592.0000	1080	1077	1135	1137	105.0926	105.5710	-0.4784	170	179	411	386	0.3058	0.6966	-26.5057	0.0442	-0.0966
193	Vujacic, Sasha	LAL	246.6333	491	489	520	518	105.9063	105.9305	-0.0242	84	76	177	173	0.3268	0.6996	819.3667	1541	1543	1732	1577	112.3945	102.2035	10.1910	280	297	559	545	0.3394	0.6530	-10.2152	-0.0126	0.0466
194	Bynum, Andrew	LAL	381.2833	721	714	770	739	106.7961	103.5014	3.2947	117	135	269	268	0.3039	0.6658	684.7167	1311	1318	1482	1356	113.0435	102.8832	10.1603	247	238	467	450	0.3544	0.6624	-6.8656	-0.0505	0.0034
197	Gasol, Pau	LAL	885.9333	1677	1682	1881	1735	112.1646	103.1510	9.0136	302	313	607	584	0.3409	0.6598	180.0667	355	350	371	360	104.5070	102.8571	1.6499	62	60	129	134	0.3163	0.6825	7.3637	0.0246	-0.0227
198	Battier, Shane	HOU	495.7000	901	902	942	967	104.5505	107.2062	-2.6557	144	156	339	317	0.3124	0.6848	128.3000	242	238	247	241	102.0661	101.2605	0.8056	40	35	90	95	0.2963	0.7200	-3.4613	0.0161	-0.0352
201	Haslem, Udonis	MIA	203.7833	350	351	387	375	110.5714	106.8376	3.7338	49	60	133	114	0.3006	0.6891	132.2167	234	235	230	236	98.2906	100.4255	-2.1349	38	50	90	88	0.3016	0.6429	5.8687	-0.0010	0.0462
204	Wade, Dwayne	MIA	285.2333	498	498	534	516	107.2289	103.6145	3.6145	79	89	197	170	0.3173	0.6888	50.7667	86	88	83	95	96.5116	107.9545	-11.4429	8	21	26	32	0.2000	0.5532	15.0574	0.1173	0.1356
212	Jones, Dahntay	DEN	264.8167	500	503	554	522	110.8000	103.7773	7.0227	75	75	176	168	0.3086	0.7012	455.1833	890	884	1079	964	121.2360	109.0498	12.1862	156	151	309	309	0.3355	0.6717	-5.1635	-0.0269	0.0295
214	Wright, Dorell	MIA	3.0667	5	5	2	4	40.0000	80.0000	-40.0000	2	1	1	2	0.5000	0.5000	332.9333	579	581	615	607	106.2176	104.4750	1.7426	85	109	222	200	0.2982	0.6707	-41.7426	0.2018	-0.1707
222	Kidd, Jason	DAL	386.3500	736	741	833	834	113.1793	112.5506	0.6287	111	106	275	239	0.3171	0.7218	93.6500	167	164	183	191	109.5808	116.4634	-6.8826	30	30	56	66	0.3125	0.6512	7.5113	0.0046	0.0706
231	Vaughn, Jacque	SAS	21.2500	35	36	40	29	114.2857	80.5556	33.7302	6	2	17	14	0.3000	0.8947	218.7500	398	396	412	453	103.5176	114.3939	-10.8764	57	57	136	155	0.2689	0.7047	44.6066	0.0311	0.1900
239	West, Delonte	CLE	590.6333	1052	1054	1201	1084	114.1635	102.8463	11.3172	199	160	397	356	0.3586	0.7127	86.3667	152	153	165	163	108.5526	106.5359	2.0167	41	36	66	54	0.4316	0.6471	9.3005	-0.0730	0.0656
240	Pierce, Paul	BOS	555.9833	1059	1059	1138	1117	107.4599	105.4769	1.9830	180	159	390	389	0.3163	0.7104	151.0167	286	286	292	313	102.0979	109.4406	-7.3427	41	57	99	100	0.2908	0.6346	9.3257	0.0255	0.0758
244	Marbury, Stephon	BOS	166.0333	321	329	309	345	96.2617	104.8632	-8.6015	38	58	115	122	0.2375	0.6647	540.9667	1024	1016	1121	1085	109.4727	106.7913	2.6813	183	158	374	367	0.3327	0.7030	-11.2828	-0.0952	-0.0383
245	Ariza, Trevor	LAL	689.6667	1299	1308	1447	1348	111.3934	103.0581	8.3353	237	240	469	457	0.3415	0.6615	376.3333	733	724	805	747	109.8226	103.1768	6.6459	127	133	267	261	0.3273	0.6675	1.6894	0.0142	-0.0060
252	Scalabrine, Brian	BOS	245.5667	451	454	493	500	109.3126	110.1322	-0.8195	71	83	157	157	0.3114	0.6542	461.4333	894	891	937	930	104.8098	104.3771	0.4327	150	133	332	332	0.3112	0.7140	-1.2522	0.0002	-0.0598
253	Perkins, Kendrick	BOS	512.1000	954	960	1008	997	105.6604	103.8542	1.8062	164	147	374	357	0.3148	0.7179	194.9000	391	385	422	433	107.9284	112.4675	-4.5391	57	69	115	132	0.3016	0.6250	6.3453	0.0132	0.0929
257	Gooden, Drew	SAS	70.7333	126	127	120	122	95.2381	96.0630	-0.8249	15	8	52	53	0.2206	0.8667	169.2667	307	305	332	360	108.1433	118.0328	-9.8895	48	51	101	116	0.2927	0.6645	9.0646	-0.0721	0.2022
258	Ilgauskas, Zydrunas	CLE	406.8500	731	720	860	736	117.6471	102.2222	15.4248	138	115	281	245	0.3603	0.7096	270.1500	473	487	506	511	106.9767	104.9281	2.0486	102	81	182	165	0.3820	0.6920	13.3762	-0.0217	0.0176
260	James, LeBron	CLE	579.8000	1036	1035	1189	1067	114.7683	103.0918	11.6766	217	162	392	357	0.3780	0.7076	97.2000	168	172	177	180	105.3571	104.6512	0.7060	23	34	71	53	0.3026	0.6762	10.9706	0.0754	0.0314
263	Marshall, Donyell	PHI	50.2833	101	93	110	105	108.9109	112.9032	-3.9923	13	15	34	29	0.3095	0.6939	237.7167	431	438	421	472	97.6798	107.7626	-10.0827	61	71	155	166	0.2687	0.6858	6.0904	0.0408	0.0081
265	Pavlovic, Sasha	CLE	91.3500	172	178	165	168	95.9302	94.3820	1.5482	25	37	71	63	0.2841	0.6574	585.6500	1032	1029	1201	1079	116.3760	104.8591	11.5169	215	159	392	347	0.3826	0.7114	-9.9687	-0.0985	-0.0540
270	Hamilton, Richard	DET	154.1833	266	262	234	308	87.9699	117.5573	-29.5873	37	46	91	111	0.2500	0.6642	37.8167	64	64	78	66	121.8750	103.1250	18.7500	15	10	21	21	0.4167	0.6774	-48.3373	-0.1667	-0.0132
271	Billups, Chauncey	DEN	580.2667	1123	1113	1338	1205	119.1451	108.2659	10.8792	173	181	386	388	0.3084	0.6808	139.7333	267	274	295	281	110.4869	102.5547	7.9321	58	45	99	89	0.3946	0.6875	2.9471	-0.0862	-0.0067
272	Prince, Tayshaun	DET	128.6333	219	218	199	249	90.8676	114.2202	-23.3526	34	37	76	87	0.2810	0.6726	63.3667	111	108	113	125	101.8018	115.7407	-13.9389	18	19	36	45	0.2857	0.6545	-9.4137	-0.0047	0.0181
273	Wallace, Ben	CLE	176.1000	300	306	322	348	107.3333	113.7255	-6.3922	65	45	102	106	0.3801	0.6939	500.9000	904	901	1044	899	115.4867	99.7780	15.7087	175	151	361	304	0.3653	0.7051	-22.1009	0.0148	-0.0112
274	Wallace, Rasheed	DET	121.9833	207	206	181	239	87.4396	116.0194	-28.5798	27	31	72	86	0.2389	0.6990	70.0167	123	120	131	135	106.5041	112.5000	-5.9959	25	25	40	46	0.3521	0.6154	-22.5839	-0.1132	0.0836
275	McDyess, Antonio	DET	135.7167	236	232	215	254	91.1017	109.4828	-18.3811	31	40	88	95	0.2460	0.6875	56.2833	94	94	97	120	103.1915	127.6596	-24.4681	21	16	24	37	0.3621	0.6000	6.0870	-0.1161	0.0875
276	Evans, Maurice	ATL	265.1333	445	450	441	515	99.1011	114.4444	-15.3433	77	90	144	182	0.2973	0.6154	262.8667	473	464	483	487	102.1142	104.9569	-2.8427	93	84	152	181	0.3394	0.6441	-12.5006	-0.0421	-0.0287
280	Maxiell, Jason	DET	63.9000	111	110	115	134	103.6036	121.8182	-18.2146	24	17	30	44	0.3529	0.6383	128.1000	219	216	197	240	89.9543	111.1111	-21.1568	28	39	82	88	0.2414	0.6777	2.9422	0.1115	-0.0394
281	Williams, Louis	PHI	149.0833	283	275	286	285	101.0601	103.6364	-2.5763	43	44	103	101	0.2986	0.7007	138.9167	249	256	245	292	98.3936	114.0625	-15.6689	31	42	86	94	0.2480	0.6719	13.0926	0.0506	0.0288
284	Przybilla, Joel	POR	162.4500	271	281	288	324	106.2731	115.3025	-9.0294	36	44	94	105	0.2553	0.6812	125.5500	232	224	235	231	101.2931	103.1250	-1.8319	31	34	83	91	0.2541	0.7094	-7.1975	0.0012	-0.0282
288	Szczerbiak, Wally	CLE	154.3667	276	276	291	326	105.4348	118.1159	-12.6812	55	49	104	96	0.3642	0.6797	522.6333	928	931	1075	921	115.8405	98.9259	16.9146	185	147	359	314	0.3707	0.7095	-29.5958	-0.0065	-0.0298
297	Ratliff, Theo	PHI	94.2000	171	174	194	177	113.4503	101.7241	11.7262	21	37	59	53	0.2838	0.6146	193.8000	361	357	337	400	93.3518	112.0448	-18.6930	53	49	130	142	0.2718	0.7263	30.4192	0.0120	-0.1117
298	Carter, Anthony	DEN	216.8167	417	426	489	462	117.2662	108.4507	8.8155	90	64	144	149	0.3766	0.6923	503.1833	973	961	1144	1024	117.5745	106.5557	11.0188	141	162	341	328	0.3006	0.6779	-2.2033	0.0760	0.0144
302	Ming, Yao	HOU	322.7500	582	573	611	612	104.9828	106.8063	-1.8235	97	92	222	198	0.3288	0.7070	301.2500	561	567	578	596	103.0303	105.1146	-2.0843	87	99	207	214	0.2890	0.6765	0.2608	0.0398	0.0305
308	Alston, Rafer	ORL	740.2500	1386	1381	1476	1447	106.4935	104.7791	1.7144	226	226	503	522	0.3021	0.6900	426.7500	776	787	851	836	109.6649	106.2262	3.4388	125	127	286	265	0.3205	0.6925	-1.7244	-0.0184	-0.0025
311	Bowen, Ryan	NOH	1.6333	3	4	4	3	133.3333	75.0000	58.3333	1	3	0	2	0.3333	0.0000	238.3667	446	447	417	539	93.4978	120.5817	-27.0839	59	64	149	168	0.2599	0.6995	85.4172	0.0734	-0.6995
312	Mutombo, Dikembe	HOU	19.7167	33	36	38	30	115.1515	83.3333	31.8182	4	4	17	8	0.3333	0.8095	604.2833	1110	1104	1151	1178	103.6937	106.7029	-3.0092	180	187	412	404	0.3082	0.6878	34.8274	0.0251	0.1217
321	Daniels, Antonio	NOH	64.2500	115	120	107	129	93.0435	107.5000	-14.4565	18	17	44	44	0.2903	0.7213	175.7500	334	331	314	413	94.0120	124.7734	-30.7614	42	50	105	126	0.2500	0.6774	16.3049	0.0403	0.0439
326	Peterson, Morris	NOH	20.7167	39	41	28	51	71.7949	124.3902	-52.5954	3	5	12	17	0.1500	0.7059	219.2833	410	410	393	491	95.8537	119.7561	-23.9024	57	62	137	153	0.2714	0.6884	-28.6930	-0.1214	0.0175
329	Ruffin, Michael	POR	5.4500	8	8	10	8	125.0000	100.0000	25.0000	4	2	3	4	0.5000	0.6000	282.5500	495	497	513	547	103.6364	110.0604	-6.4240	63	76	174	192	0.2471	0.6960	31.4240	0.2529	-0.0960
330	Bonner, Matt	SAS	99.6167	182	182	193	219	106.0440	120.3297	-14.2857	25	20	61	74	0.2525	0.7531	140.3833	251	250	259	263	103.1873	105.2000	-2.0127	38	39	92	95	0.2857	0.7023	-12.2730	-0.0332	0.0508
337	Johnson, Anthony	ORL	279.5500	506	511	544	526	107.5099	102.9354	4.5745	80	77	198	175	0.3137	0.7200	887.4500	1656	1657	1783	1757	107.6691	106.0350	1.6341	271	276	591	612	0.3069	0.6817	2.9404	0.0068	0.0383
354	Outlaw, Travis	POR	170.3000	308	309	320	336	103.8961	108.7379	-4.8418	43	49	109	115	0.2722	0.6899	117.7000	195	196	203	219	104.1026	111.7347	-7.6321	24	29	68	81	0.2286	0.7010	2.7903	0.0436	-0.0111
355	Blake, Steve	POR	230.5333	398	402	420	452	105.5276	112.4378	-6.9102	50	65	141	157	0.2415	0.6845	57.4667	105	103	103	103	98.0952	100.0000	-1.9048	17	13	36	39	0.3036	0.7347	-5.0054	-0.0621	-0.0502
362	Frye, Channing	POR	35.9000	61	60	65	79	106.5574	131.6667	-25.1093	13	9	14	26	0.3333	0.6087	252.1000	442	445	458	476	103.6199	106.9663	-3.3464	54	69	163	170	0.2411	0.7026	-21.7629	0.0922	-0.0939
383	Smith, Joe	CLE	217.5167	374	382	411	362	109.8930	94.7644	15.1287	82	70	162	124	0.3981	0.6983	459.4833	830	825	955	885	115.0602	107.2727	7.7875	158	126	301	286	0.3559	0.7049	7.3412	0.0422	-0.0066
401	Posey, James	NOH	122.5667	233	235	215	261	92.2747	111.0638	-18.7892	35	34	85	89	0.2823	0.7143	117.4333	216	216	206	281	95.3704	130.0926	-34.7222	25	33	64	81	0.2358	0.6598	15.9330	0.0465	0.0545
408	Johnson, Linton	CHI	9.9000	20	19	28	17	140.0000	89.4737	50.5263	6	1	6	5	0.5455	0.8571	361.1000	695	695	730	771	105.0360	110.9353	-5.8993	112	123	258	244	0.3146	0.6772	56.4256	0.2309	0.1799
410	Marks, Sean	NOH	80.3667	151	155	153	165	101.3245	106.4516	-5.1271	23	23	60	60	0.2771	0.7229	159.6333	298	296	268	377	89.9329	127.3649	-37.4320	37	44	89	110	0.2517	0.6692	32.3049	0.0254	0.0537
411	Moore, Mikki	BOS	65.7833	130	139	123	157	94.6154	112.9496	-18.3343	20	27	43	48	0.2941	0.6143	641.2167	1215	1206	1307	1273	107.5720	105.5556	2.0165	201	189	446	441	0.3131	0.7024	-20.3508	-0.0190	-0.0881
426	Miles, C.J.	UTA	58.4667	114	114	116	137	101.7544	120.1754	-18.4211	24	24	37	41	0.3692	0.6066	181.5333	357	357	371	396	103.9216	110.9244	-7.0028	69	47	120	127	0.3520	0.7186	-11.4183	0.0172	-0.1120
430	Powell, Josh	LAL	73.2333	143	144	124	155	86.7133	107.6389	-20.9256	27	25	45	60	0.3103	0.6429	992.7667	1889	1888	2128	1940	112.6522	102.7542	9.8980	337	348	691	658	0.3387	0.6651	-30.8236	-0.0284	-0.0222
439	Mbenga, DJ	LAL	15.6000	33	34	28	31	84.8485	91.1765	-6.3280	5	4	15	10	0.3333	0.7895	1050.4000	1999	1998	2224	2064	111.2556	103.3033	7.9523	359	369	721	708	0.3365	0.6615	-14.2803	-0.0032	0.1280
444	Wright, Antoine	DAL	166.7833	307	310	337	363	109.7720	117.0968	-7.3248	51	49	111	107	0.3228	0.6938	313.2167	596	595	679	662	113.9262	111.2605	2.6657	90	87	220	198	0.3125	0.7166	-9.9905	0.0103	-0.0228
454	Wafer, Von	HOU	180.7000	343	343	334	353	97.3761	102.9155	-5.5394	53	52	128	134	0.2834	0.7111	443.3000	800	797	855	855	106.8750	107.2773	-0.4023	131	139	301	278	0.3203	0.6841	-5.1371	-0.0369	0.0270
457	Roberson, Anthony	CHI	4.2000	8	8	13	5	162.5000	62.5000	100.0000	3	1	3	1	0.7500	0.7500	366.8000	707	706	745	783	105.3748	110.9065	-5.5317	115	123	261	248	0.3168	0.6797	105.5317	0.4332	0.0703
458	Dalembert, Samuel	PHI	133.3500	242	242	237	280	97.9339	115.7025	-17.7686	34	31	88	91	0.2720	0.7395	154.6500	290	289	294	297	101.3793	102.7682	-1.3889	40	55	101	104	0.2778	0.6474	-16.3797	-0.0058	0.0921
459	Walton, Luke	LAL	316.5167	604	602	656	618	108.6093	102.6578	5.9515	106	111	223	219	0.3262	0.6677	749.4833	1428	1430	1596	1477	111.7647	103.2867	8.4780	258	262	513	499	0.3408	0.6619	-2.5265	-0.0146	0.0058
501	Allen, Tony	BOS	60.2667	107	129	99	151	92.5234	117.0543	-24.5309	15	25	44	45	0.2500	0.6377	646.7333	1238	1216	1331	1279	107.5121	105.1809	2.3312	206	191	445	444	0.3169	0.6997	-26.8621	-0.0669	-0.0620
505	Varejao, Anderson	CLE	420.0167	751	757	880	764	117.1771	100.9247	16.2524	150	111	293	258	0.3676	0.7252	256.9833	453	450	486	483	107.2848	107.3333	-0.0486	90	85	170	152	0.3719	0.6667	16.3010	-0.0043	0.0585
508	Hayes, Chuck	HOU	173.3167	310	314	318	315	102.5806	100.3185	2.2622	56	55	119	122	0.3146	0.6839	450.6833	833	826	871	893	104.5618	108.1114	-3.5496	128	136	310	290	0.3062	0.6951	5.8118	0.0084	-0.0112
510	Johnson, Amir	DET	12.6167	23	24	28	19	121.7391	79.1667	42.5725	6	5	7	9	0.4000	0.5833	179.3833	307	302	284	355	92.5081	117.5497	-25.0415	46	51	105	123	0.2722	0.6731	67.6140	0.1278	-0.0898
514	Green, Gerald	DAL	26.0500	48	47	41	47	85.4167	100.0000	-14.5833	11	9	18	22	0.3333	0.6667	453.9500	855	858	975	978	114.0351	113.9860	0.0491	130	127	313	283	0.3148	0.7114	-14.6324	0.0185	-0.0447
515	Hunter, Lindsey	CHI	23.2667	48	51	57	45	118.7500	88.2353	30.5147	8	5	19	18	0.3077	0.7917	347.7333	667	663	701	743	105.0975	112.0664	-6.9689	110	119	245	231	0.3226	0.6731	37.4836	-0.0149	0.1186
518	Boozer, Carlos	UTA	185.5667	368	371	378	418	102.7174	112.6685	-9.9511	75	43	123	128	0.3695	0.7410	54.4333	103	100	109	115	105.8252	115.0000	-9.1748	18	28	34	40	0.3103	0.5484	-0.7763	0.0592	0.1926
532	Bynum, Will	DET	78.2333	133	129	140	157	105.2632	121.7054	-16.4423	28	23	41	53	0.3457	0.6406	113.7667	197	197	172	217	87.3096	110.1523	-22.8426	24	33	71	79	0.2330	0.6827	6.4003	0.1127	-0.0421
541	Green, Willie	PHI	147.4833	267	270	260	307	97.3783	113.7037	-16.3254	34	44	90	101	0.2519	0.6716	140.5167	265	261	271	270	102.2642	103.4483	-1.1841	40	42	99	94	0.2985	0.7021	-15.1413	-0.0466	-0.0305
544	Udoka, Ime	SAS	104.4167	188	183	201	190	106.9149	103.8251	3.0898	29	29	71	65	0.3085	0.7100	135.5833	245	249	251	292	102.4490	117.2691	-14.8201	34	30	82	104	0.2464	0.7321	17.9099	0.0621	-0.0221
550	Jones, Solomon	ATL	77.2000	142	138	130	162	91.5493	117.3913	-25.8420	37	13	41	57	0.3936	0.7593	450.8000	776	776	794	840	102.3196	108.2474	-5.9278	133	161	255	306	0.3030	0.6130	-19.9142	0.0906	0.1463
552	Powe, Leon	BOS	24.3667	50	50	38	54	76.0000	108.0000	-32.0000	7	6	21	26	0.2121	0.7778	682.6333	1295	1295	1392	1376	107.4903	106.2548	1.2355	214	210	468	463	0.3161	0.6903	-33.2355	-0.1040	0.0875
553	Rondo, Rajon	BOS	577.1500	1111	1113	1208	1164	108.7309	104.5822	4.1487	192	175	411	398	0.3254	0.7014	129.8500	234	232	222	266	94.8718	114.6552	-19.7834	29	41	78	91	0.2417	0.6555	23.9321	0.0837	0.0459
556	Herrmann, Walter	DET	22.0833	40	41	47	40	117.5000	97.5610	19.9390	8	6	10	14	0.3636	0.6250	169.9167	290	285	265	334	91.3793	117.1930	-25.8137	44	50	102	118	0.2716	0.6711	45.7527	0.0920	-0.0461
557	Hollins, Ryan	DAL	83.7667	160	160	153	181	95.6250	113.1250	-17.5000	25	29	67	61	0.2907	0.6979	396.2333	743	745	863	844	116.1507	113.2886	2.8621	116	107	264	244	0.3222	0.7116	-20.3621	-0.0315	-0.0137
559	Thomas, Tyrus	CHI	195.0333	365	376	378	436	103.5616	115.9574	-12.3958	68	60	135	114	0.3736	0.6923	175.9667	350	338	380	352	108.5714	104.1420	4.4294	50	64	129	135	0.2703	0.6684	-16.8252	0.1033	0.0239
560	Brown, Shannon	LAL	261.6000	504	504	568	535	112.6984	106.1508	6.5476	97	91	190	182	0.3477	0.6762	804.4000	1528	1528	1684	1560	110.2094	102.0942	8.1152	267	282	546	536	0.3325	0.6594	-1.5676	0.0152	0.0168
561	Gibson, Daniel	CLE	171.8833	307	316	343	326	111.7264	103.1646	8.5618	70	61	123	103	0.4046	0.6685	505.1167	897	891	1023	921	114.0468	103.3670	10.6798	170	135	340	307	0.3564	0.7158	-2.1180	0.0482	-0.0473
563	Barea, Jose	DAL	221.3000	404	402	487	454	120.5446	112.9353	7.6092	54	64	148	138	0.2813	0.6981	258.7000	499	503	529	571	106.0120	113.5189	-7.5069	87	72	183	167	0.3425	0.7176	15.1161	-0.0612	-0.0195
565	Diawara, Yakhouba	MIA	21.1500	38	39	37	31	97.3684	79.4872	17.8812	4	10	13	15	0.2105	0.5652	314.8500	546	547	580	580	106.2271	106.0329	0.1942	83	100	210	187	0.3074	0.6774	17.6870	-0.0969	-0.1122
575	Farmar, Jordan	LAL	253.6667	485	481	524	489	108.0412	101.6632	6.3780	79	88	179	177	0.3086	0.6704	812.3333	1547	1551	1728	1606	111.7001	103.5461	8.1540	285	285	557	541	0.3450	0.6615	-1.7760	-0.0364	0.0089
579	Lowry, Kyle	HOU	253.4833	479	482	491	508	102.5052	105.3942	-2.8890	78	82	181	178	0.3047	0.6882	370.5167	664	658	698	700	105.1205	106.3830	-1.2625	106	109	248	234	0.3118	0.6947	-1.6265	-0.0071	-0.0065
580	Kinsey, Tarence	CLE	10.7000	21	23	19	23	90.4762	100.0000	-9.5238	4	7	9	5	0.4444	0.5625	666.3000	1183	1184	1347	1224	113.8631	103.3784	10.4847	236	189	454	405	0.3682	0.7061	-20.0085	0.0762	-0.1436
581	Quinn, Chris	MIA	24.3167	42	42	44	33	104.7619	78.5714	26.1905	4	13	13	15	0.2105	0.5000	311.6833	542	544	573	578	105.7196	106.2500	-0.5304	83	97	210	187	0.3074	0.6840	26.7209	-0.0969	-0.1840
594	Armstrong, Hilton	NOH	52.9500	103	101	90	121	87.3786	119.8020	-32.4233	13	10	32	37	0.2600	0.7619	187.0500	346	350	331	421	95.6647	120.2857	-24.6210	47	57	117	133	0.2611	0.6724	-7.8023	-0.0011	0.0895
597	Balkman, Renaldo	DEN	20.1500	41	39	39	29	95.1220	74.3590	20.7630	6	2	16	11	0.3529	0.8889	699.8500	1349	1348	1594	1457	118.1616	108.0861	10.0755	225	224	469	466	0.3256	0.6768	10.6875	0.0273	0.2121
599	Redick, J.J.	ORL	326.8000	612	608	643	619	105.0654	101.8092	3.2561	96	93	227	231	0.2936	0.7094	840.2000	1550	1560	1684	1664	108.6452	106.6667	1.9785	255	260	562	556	0.3144	0.6837	1.2776	-0.0208	0.0257
605	Rodriguez, Sergio	POR	27.3667	52	46	50	44	96.1538	95.6522	0.5017	12	6	16	21	0.3636	0.7273	260.6333	451	459	473	511	104.8780	111.3290	-6.4509	55	72	161	175	0.2391	0.6910	6.9526	0.1245	0.0363
606	Roy, Brandon	POR	238.4333	415	416	439	456	105.7831	109.6154	-3.8323	48	59	147	159	0.2319	0.7136	49.5667	88	89	84	99	95.4545	111.2360	-15.7814	19	19	30	37	0.3393	0.6122	11.9491	-0.1074	0.1014
607	Aldridge, LaMarcus	POR	237.2667	415	416	432	450	104.0964	108.1731	-4.0767	50	65	151	160	0.2381	0.6991	50.7333	88	89	91	105	103.4091	117.9775	-14.5684	17	13	26	36	0.3208	0.6667	10.4917	-0.0827	0.0324
617	Brewer, Ronnie	UTA	157.5333	306	309	323	340	105.5556	110.0324	-4.4768	52	38	101	105	0.3312	0.7266	82.4667	165	162	164	193	99.3939	119.1358	-19.7419	41	33	56	63	0.3942	0.6292	15.2651	-0.0630	0.0974
622	Mason, Roger	SAS	108.4167	196	197	213	255	108.6735	129.4416	-20.7682	29	25	60	80	0.2661	0.7059	131.5833	237	235	239	227	100.8439	96.5957	4.2481	34	34	93	89	0.2764	0.7323	-25.0163	-0.0103	-0.0264
629	Millsap, Paul	UTA	155.3667	304	305	312	345	102.6316	113.1148	-10.4832	68	56	100	105	0.3931	0.6410	84.6333	167	166	175	188	104.7904	113.2530	-8.4626	25	15	57	63	0.2841	0.7917	-2.0206	0.1090	-0.1507
640	Kleiza, Linas	DEN	191.2000	373	368	445	374	119.3029	101.6304	17.6725	71	59	140	132	0.3498	0.7035	528.8000	1017	1019	1188	1112	116.8142	109.1266	7.6876	160	167	345	345	0.3168	0.6738	9.9849	0.0330	0.0297
650	Richardson, Jeremy	ORL	2.4333	5	4	6	5	120.0000	125.0000	-5.0000	3	0	2	1	0.7500	1.0000	1164.5667	2157	2164	2321	2278	107.6032	105.2680	2.3351	348	353	787	786	0.3069	0.6904	-7.3351	0.4431	0.3096
654	White, James	HOU	11.4833	25	23	25	24	100.0000	104.3478	-4.3478	5	4	5	11	0.3125	0.5556	612.5167	1118	1117	1164	1184	104.1145	105.9982	-1.8837	179	187	424	401	0.3086	0.6939	-2.4641	0.0039	-0.1383
655	Morris, Randolph	ATL	8.4000	15	14	8	14	53.3333	100.0000	-46.6667	4	3	3	4	0.5000	0.5000	519.6000	903	900	916	988	101.4396	109.7778	-8.3381	166	171	293	359	0.3162	0.6315	-38.3286	0.1838	-0.1315
661	Oden, Greg	POR	95.7167	167	163	160	151	95.8084	92.6380	3.1703	23	23	63	67	0.2556	0.7326	192.2833	336	342	363	404	108.0357	118.1287	-10.0929	44	55	114	129	0.2543	0.6746	13.2632	0.0013	0.0580
666	Brooks, Aaron	HOU	443.6833	816	809	854	881	104.6569	108.8999	-4.2430	131	140	303	288	0.3126	0.6840	180.3167	327	331	335	327	102.4465	98.7915	3.6549	53	51	126	124	0.2994	0.7119	-7.8979	0.0132	-0.0279
667	Landry, Carl	HOU	239.7167	441	439	466	448	105.6689	102.0501	3.6188	66	71	169	155	0.2986	0.7042	384.2833	702	701	723	760	102.9915	108.4165	-5.4251	118	120	260	257	0.3147	0.6842	9.0439	-0.0161	0.0200
674	Scola, Luis	HOU	424.4333	773	768	822	824	106.3389	107.2917	-0.9527	120	127	290	276	0.3030	0.6954	199.5667	370	372	367	384	99.1892	103.2258	-4.0366	64	64	139	136	0.3200	0.6847	3.0839	-0.0170	0.0107
675	Davis, Glen	BOS	509.5333	961	949	1051	993	109.3652	104.6365	4.7288	168	144	345	341	0.3301	0.7055	197.4667	384	396	379	437	98.6979	110.3535	-11.6556	53	72	144	148	0.2637	0.6667	16.3844	0.0664	0.0388
676	Pruitt, Gabe	BOS	10.6667	22	21	18	25	81.8182	119.0476	-37.2294	2	6	4	8	0.2000	0.4000	696.3333	1323	1324	1412	1405	106.7271	106.1178	0.6093	219	210	485	481	0.3129	0.6978	-37.8387	-0.1129	-0.2978
681	Young, Thaddeus	PHI	229.1500	419	423	414	456	98.8067	107.8014	-8.9947	55	72	152	158	0.2582	0.6786	58.8500	113	108	117	121	103.5398	112.0370	-8.4972	19	14	37	37	0.3393	0.7255	-0.4975	-0.0811	-0.0469
682	Moon, Jamario	MIA	39.8000	74	75	72	77	97.2973	102.6667	-5.3694	9	20	30	26	0.2571	0.6000	296.2000	510	511	545	534	106.8627	104.5010	2.3618	78	90	193	176	0.3071	0.6820	-7.7312	-0.0500	-0.0820
684	Gardner, Thomas	ATL	18.7500	37	36	44	30	118.9189	83.3333	35.5856	7	2	12	16	0.3043	0.8571	509.2500	881	878	880	972	99.8865	110.7062	-10.8197	163	172	284	347	0.3196	0.6228	46.4053	-0.0153	0.2343
685	Gray, Aaron	CHI	9.2167	18	16	29	12	161.1111	75.0000	86.1111	5	1	7	4	0.5556	0.8750	361.7833	697	698	729	776	104.5911	111.1748	-6.5837	113	123	257	245	0.3156	0.6763	92.6948	0.2400	0.1987
686	Noah, Joakim	CHI	271.0833	508	528	525	597	103.3465	113.0682	-9.7217	83	102	192	189	0.3051	0.6531	99.9167	207	186	233	191	112.5604	102.6882	9.8722	35	22	72	60	0.3684	0.7660	-19.5939	-0.0633	-0.1129
689	Afflalo, Arron	DET	66.2500	115	111	123	121	106.9565	109.0090	-2.0525	22	17	41	44	0.3333	0.7069	125.7500	215	215	189	253	87.9070	117.6744	-29.7674	30	39	71	88	0.2542	0.6455	27.7149	0.0791	0.0614
691	Stuckey, Rodney	DET	128.0500	220	220	201	250	91.3636	113.6364	-22.2727	28	37	77	90	0.2373	0.6754	63.9500	110	106	111	124	100.9091	116.9811	-16.0720	24	19	35	42	0.3636	0.6481	-6.2007	-0.1263	0.0273
695	Horford, Al	ATL	252.0500	440	441	441	491	100.2273	111.3379	-11.1106	62	79	140	177	0.2594	0.6393	275.9500	478	473	483	511	101.0460	108.0338	-6.9878	108	95	156	186	0.3673	0.6215	-4.1228	-0.1079	0.0178
696	Law, Acie	ATL	27.8167	53	53	50	56	94.3396	105.6604	-11.3208	12	4	14	22	0.3529	0.7778	500.1833	865	861	874	946	101.0405	109.8722	-8.8318	158	170	282	341	0.3166	0.6239	-2.4890	0.0363	0.1539
697	West, Mario	ATL	46.2833	87	87	76	104	87.3563	119.5402	-32.1839	27	6	22	34	0.4426	0.7857	481.7167	831	827	848	898	102.0457	108.5852	-6.5395	143	168	274	329	0.3030	0.6199	-25.6444	0.1396	0.1658
700	Anthony, Joel	MIA	88.2500	149	151	157	130	105.3691	86.0927	19.2764	19	31	63	56	0.2533	0.6702	247.7500	435	435	460	481	105.7471	110.5747	-4.8276	68	79	160	146	0.3178	0.6695	24.1040	-0.0645	0.0007
701	Cook, Daequan	MIA	160.8167	282	289	285	302	101.0638	104.4983	-3.4344	45	61	109	102	0.3061	0.6412	175.1833	302	297	332	309	109.9338	104.0404	5.8934	42	49	114	100	0.2958	0.6994	-9.3278	0.0103	-0.0582
702	Gortat, Marcin	ORL	270.5500	503	522	573	529	113.9165	101.3410	12.5755	85	71	192	170	0.3333	0.7300	896.4500	1659	1646	1754	1754	105.7263	106.5614	-0.8350	266	282	597	617	0.3012	0.6792	13.4105	0.0321	0.0508
711	Wright, Julian	NOH	32.2333	62	63	48	75	77.4194	119.0476	-41.6283	9	7	22	27	0.2500	0.7586	207.7667	387	388	373	467	96.3824	120.3608	-23.9784	51	60	127	143	0.2629	0.6791	-17.6499	-0.0129	0.0795
734	Fernandez, Rudy	POR	162.1000	296	300	296	318	100.0000	106.0000	-6.0000	36	45	107	117	0.2353	0.7039	125.9000	207	205	227	237	109.6618	115.6098	-5.9479	31	33	70	79	0.2818	0.6796	-0.0521	-0.0465	0.0243
735	Bayless, Jerryd	POR	11.4167	18	17	23	20	127.7778	117.6471	10.1307	6	4	6	6	0.5000	0.6000	276.5833	485	488	500	535	103.0928	109.6311	-6.5384	61	74	171	190	0.2430	0.6980	16.6691	0.2570	-0.0980
736	Batum, Nicolas	POR	63.0667	106	107	112	137	105.6604	128.0374	-22.3770	14	19	34	43	0.2456	0.6415	224.9333	397	398	411	418	103.5264	105.0251	-1.4987	53	59	143	153	0.2573	0.7079	-20.8783	-0.0117	-0.0664
747	Hunter, Othello	ATL	13.7667	28	28	35	24	125.0000	85.7143	39.2857	6	4	10	12	0.3333	0.7143	514.2333	890	886	889	978	99.8876	110.3837	-10.4961	164	170	286	351	0.3184	0.6272	49.7818	0.0149	0.0871
752	Walker, Bill	BOS	10.3000	21	20	18	23	85.7143	115.0000	-29.2857	2	6	4	7	0.2222	0.4000	696.7000	1324	1325	1412	1407	106.6465	106.1887	0.4578	219	210	485	482	0.3124	0.6978	-29.7435	-0.0902	-0.2978
755	Rose, Derrick	CHI	314.1333	606	607	641	674	105.7756	111.0379	-5.2623	97	107	224	211	0.3149	0.6767	56.8667	109	107	117	114	107.3394	106.5421	0.7974	21	17	40	38	0.3559	0.7018	-6.0597	-0.0410	-0.0251
757	Jackson, Darnell	CLE	25.0333	47	47	43	58	91.4894	123.4043	-31.9149	6	14	19	13	0.3158	0.5758	651.9667	1157	1160	1323	1189	114.3475	102.5000	11.8475	234	182	444	397	0.3708	0.7093	-43.7624	-0.0550	-0.1335
772	Beasley, Michael	MIA	178.3667	316	314	315	331	99.6835	105.4140	-5.7305	52	61	119	117	0.3077	0.6611	157.6333	268	272	302	280	112.6866	102.9412	9.7454	35	49	104	85	0.2917	0.6797	-15.4759	0.0160	-0.0186
773	Chalmers, Mario	MIA	230.8167	394	396	424	423	107.6142	106.8182	0.7960	58	64	148	133	0.3037	0.6981	105.1833	190	190	193	188	101.5789	98.9474	2.6316	29	46	75	69	0.2959	0.6198	-1.8356	0.0078	0.0783
788	Lee, Courtney	ORL	549.5500	1021	1033	1114	1090	109.1087	105.5179	3.5908	161	178	365	369	0.3038	0.6722	617.4500	1141	1135	1213	1193	106.3103	105.1101	1.2001	190	175	424	418	0.3125	0.7078	2.3907	-0.0087	-0.0356
789	Speights, Marreese	PHI	29.1167	54	55	50	71	92.5926	129.0909	-36.4983	10	12	13	21	0.3226	0.5200	258.8833	478	476	481	506	100.6276	106.3025	-5.6749	64	74	176	174	0.2689	0.7040	-30.8234	0.0537	-0.1840
793	Hill, George	SAS	76.1833	130	132	133	135	102.3077	102.2727	0.0350	19	26	50	53	0.2639	0.6579	163.8167	303	300	319	347	105.2805	115.6667	-10.3861	44	33	103	116	0.2750	0.7574	10.4211	-0.0111	-0.0995
