PlayerID	PlayerTrueName	PlayerTeams	SimpleMin	SimplePossFor	SimplePossOpp	SimplePointsFor	SimplePointsOpp	SimpleOffRtg	SimpleDefRtg	SimpleOverallRtg	SimpleORebFor	SimpleORebOpp	SimpleDRebFor	SimpleDRebOpp	SimpleORebRate	SimpleDRebRate	WeightedMinOffCourt	WeightedPossForOffCourt	WeightedPossOppOffCourt	WeightedPointsForOffCourt	WeightedPointsOppOffCourt	WeightedOffRtgOffCourt	WeightedDefRtgOffCourt	WeightedOverallRtgOffCourt	WeightedORebForOffCourt	WeightedORebOppOffCourt	WeightedDRebForOffCourt	WeightedDRebOppOffCourt	WeightedORebRateOffCourt	WeightedDRebRateOffCourt	WeightedOverallRtgOnCourt	WeightedORebRateOnCourt	WeightedDRebRateOnCourt	WeightedOverallRtgOnCourtMinusOffCourt	WeightedORebRateOnCourtMinusOffCourt	WeightedDRebRateOnCourtMinusOffCourt	AdjustedPM	AdjustedPMStdErr
1	Howard, Josh	DAL	294.7167	566	567	638	612	112.721	107.937	4.78434	89	78	214	187	0.322464	0.732877	185.2833	337	338	378	413	112.166	122.189	-10.0232	52	58	117	118	0.3059	0.6686	4.78434	0.322464	0.732877	14.8075	0.0166	0.0643	3.13915	2.92349
2	Thomas, Kurt	SAS	79.7833	145	144	128	166	88.2759	115.278	-27.0019	19	19	53	63	0.231707	0.736111	160.2167	288	288	324	316	112.5	109.722	2.7778	44	40	100	106	0.2933	0.7143	-27.0019	0.231707	0.736111	-29.7797	-0.0616	0.0218	-1.33875	3.01733
3	Dampier, Erick	DAL	254.7833	467	470	550	534	117.773	113.617	4.156	78	73	169	143	0.352941	0.698347	225.2167	436	435	466	491	106.881	112.874	-5.9928	63	63	162	162	0.28	0.72	4.156	0.352941	0.698347	10.1488	0.0729	-0.0217	-6.82699	3.37944
5	Nowitzki, Dirk	DAL	393.8667	752	744	855	833	113.697	111.962	1.73444	112	109	276	249	0.310249	0.716883	86.1333	151	161	161	192	106.622	119.255	-12.6321	29	27	55	56	0.3412	0.6707	1.73444	0.310249	0.716883	14.3665	-0.031	0.0462	4.63887	3.40898
6	Terry, Jason	DAL	325.4833	616	615	676	727	109.74	118.211	-8.47112	101	97	217	213	0.321656	0.691083	154.5167	287	290	340	298	118.467	102.759	15.7083	40	39	114	92	0.303	0.7451	-8.47112	0.321656	0.691083	-24.1794	0.0187	-0.054	-4.2219	2.87732
10	Jones, James	MIA	235.1667	405	401	438	432	108.148	107.731	0.417475	57	71	153	136	0.295337	0.683036	100.8333	179	185	179	179	100	96.7568	3.2432	30	39	70	66	0.3125	0.6422	0.417475	0.295337	0.683036	-2.8257	-0.0172	0.0408	-0.486443	3.24082
20	House, Eddie	BOS	232.2667	465	438	480	487	103.226	111.187	-7.96141	54	70	145	171	0.24	0.674419	474.7333	880	907	950	943	107.954	103.969	3.9854	167	146	344	318	0.3443	0.702	-7.96141	0.24	0.674419	-11.9468	-0.1043	-0.0276	-1.73658	3.13471
21	Martin, Kenyon	DEN	502.2000	968	968	1123	1056	116.012	109.091	6.92149	151	161	334	335	0.3107	0.674747	217.8000	422	419	510	430	120.853	102.625	18.2278	80	65	151	142	0.3604	0.6991	6.92149	0.3107	0.674747	-11.3063	-0.0497	-0.0244	1.95042	2.83701
24	Ginobili, Manu	SAS	0.0000	0	0	0	0	NULL	NULL	NULL	0	0	0	0	NULL	NULL	240.0000	433	432	452	482	104.388	111.574	-7.18608	63	59	153	169	0.271552	0.721698	NULL	NULL	NULL	NULL	NULL	NULL	-0.565004	2.92938
25	Anthony, Carmelo	DEN	571.5333	1097	1101	1322	1204	120.51	109.355	11.1554	172	180	381	371	0.316759	0.679144	148.4667	293	286	311	282	106.143	98.6014	7.5419	59	46	104	106	0.3576	0.6933	11.1554	0.316759	0.679144	3.6135	-0.0408	-0.0142	4.71862	2.55903
26	Duncan, Tim	SAS	163.5667	296	295	321	345	108.446	116.949	-8.50321	47	50	96	113	0.29375	0.657534	76.4333	137	137	131	137	95.6204	100	-4.3796	16	9	57	56	0.2222	0.8636	-8.50321	0.29375	0.657534	-4.1236	0.0716	-0.2061	2.84759	3.47057
28	Bowen, Bruce	SAS	129.8167	234	238	255	250	108.974	105.042	3.93234	35	28	87	82	0.299145	0.756522	110.1833	199	194	197	232	98.995	119.588	-20.5927	28	31	66	87	0.2435	0.6804	3.93234	0.299145	0.756522	24.525	0.0556	0.0761	-3.58562	2.73954
29	Finley, Michael	SAS	143.3333	262	260	265	298	101.145	114.615	-13.4703	43	39	88	108	0.284768	0.692913	96.6667	171	172	187	184	109.357	106.977	2.38	20	20	65	61	0.2469	0.7647	-13.4703	0.284768	0.692913	-15.8503	0.0379	-0.0718	-6.88098	2.91904
30	Parker, Tony	SAS	181.3000	336	331	354	371	105.357	112.085	-6.72745	44	43	116	125	0.260355	0.72956	58.7000	97	101	98	111	101.031	109.901	-8.8701	19	16	37	44	0.3016	0.6981	-6.72745	0.260355	0.72956	2.1427	-0.0412	0.0315	4.34198	3.59841
31	Miller, Andre	PHI	257.9333	474	474	472	529	99.5781	111.603	-12.0253	66	82	169	170	0.279661	0.673307	30.0667	58	57	59	48	101.724	84.2105	17.5136	8	4	20	25	0.2424	0.8333	-12.0253	0.279661	0.673307	-29.5389	0.0373	-0.16	-7.87284	3.83005
33	Barry, Brent	HOU	35.0000	69	71	66	76	95.6522	107.042	-11.3901	11	11	24	29	0.275	0.685714	589.0000	1074	1069	1123	1132	104.562	105.893	-1.331	173	180	405	383	0.3112	0.6923	-11.3901	0.275	0.685714	-10.0591	-0.0362	-0.0066	-6.86242	3.39208
34	Hilario, Nene	DEN	499.1000	965	961	1122	1016	116.269	105.723	10.5462	151	151	341	329	0.314583	0.693089	220.9000	425	426	511	470	120.235	110.329	9.9067	80	75	144	148	0.3509	0.6575	10.5462	0.314583	0.693089	0.6395	-0.0363	0.0356	4.7072	2.92488
37	Oberto, Fabricio	SAS	21.5833	35	35	37	30	105.714	85.7143	20	4	6	14	15	0.210526	0.7	218.4167	398	397	415	452	104.271	113.854	-9.5825	59	53	139	154	0.277	0.724	20	0.210526	0.7	29.5825	-0.0665	-0.024	-3.18542	3.57059
46	Iverson, Allen	DET	0.0000	0	0	0	0	NULL	NULL	NULL	0	0	0	0	NULL	NULL	192.0000	330	326	312	374	94.5455	114.724	-20.1785	52	56	112	132	0.282609	0.666667	NULL	NULL	NULL	NULL	NULL	NULL	-4.83065	2.65785
50	Hunter, Steven	DEN	0.0000	0	0	0	0	NULL	NULL	NULL	0	0	0	0	NULL	NULL	720.0000	1390	1387	1633	1486	117.482	107.138	10.3443	231	226	485	477	0.326271	0.682138	NULL	NULL	NULL	NULL	NULL	NULL	NULL	NULL
51	Magloire, Jamaal	MIA	47.4833	83	90	83	109	100	121.111	-21.1111	17	18	28	30	0.361702	0.608696	288.5167	501	496	534	502	106.587	101.21	5.3771	70	92	195	172	0.2893	0.6794	-21.1111	0.361702	0.608696	-26.4882	0.0724	-0.0707	-1.15368	3.95187
52	Iguodala, Andre	PHI	268.6333	496	495	494	527	99.5968	106.465	-6.86787	70	80	179	183	0.27668	0.69112	19.3667	36	36	37	50	102.778	138.889	-36.1111	4	6	10	12	0.25	0.625	-6.86787	0.27668	0.69112	29.2432	0.0267	0.0661	10.6979	3.49677
54	Korver, Kyle	UTA	136.2167	268	265	284	297	105.97	112.075	-6.10532	53	38	94	100	0.346405	0.712121	103.7833	203	206	203	236	100	114.563	-14.5631	40	33	63	68	0.3704	0.6563	-6.10532	0.346405	0.712121	8.4578	-0.024	0.0559	-2.09197	2.92683
55	Williams, Mo	CLE	540.7500	953	941	1106	973	116.055	103.401	12.6539	189	149	362	324	0.368421	0.708415	136.2500	251	266	260	274	103.586	103.007	0.5781	51	47	101	86	0.3723	0.6824	12.6539	0.368421	0.708415	12.0758	-0.0039	0.026	-0.572044	2.5535
59	Salmons, John	CHI	312.7500	600	599	627	682	104.5	113.856	-9.35643	97	108	215	213	0.312903	0.665635	58.2500	115	115	131	106	113.913	92.1739	21.7391	21	16	49	36	0.3684	0.7538	-9.35643	0.312903	0.665635	-31.0955	-0.0555	-0.0882	-9.78313	2.52801
63	Smith, J.R.	DEN	405.5167	794	783	951	851	119.773	108.685	11.0888	135	143	272	271	0.332512	0.655422	314.4833	596	604	682	635	114.429	105.132	9.2971	96	83	213	206	0.3179	0.7196	11.0888	0.332512	0.655422	1.7917	0.0146	-0.0642	3.47472	2.68281
65	Miller, Brad	CHI	185.7833	372	341	399	348	107.258	102.053	5.20528	55	56	140	130	0.297297	0.714286	185.2167	343	373	359	440	104.665	117.963	-13.2977	63	68	124	119	0.3462	0.6458	5.20528	0.297297	0.714286	18.503	-0.0489	0.0685	4.12589	2.73932
67	Stojakovic, Peja	NOH	162.1167	303	298	269	373	88.7789	125.168	-36.3889	43	48	89	118	0.267081	0.649635	77.8833	146	153	152	169	104.11	110.457	-6.3479	17	19	60	52	0.2464	0.7595	-36.3889	0.267081	0.649635	-30.041	0.0207	-0.1099	-0.678777	2.92804
68	Bibby, Mike	ATL	389.8000	679	678	705	750	103.829	110.619	-6.79031	119	127	216	260	0.313984	0.629738	138.2000	239	236	219	252	91.6318	106.78	-15.1479	51	47	80	103	0.3312	0.6299	-6.79031	0.313984	0.629738	8.3576	-0.0172	-0.0002	-3.02208	3.00551
69	West, David	NOH	178.4000	330	331	328	413	99.3939	124.773	-25.3795	40	48	109	116	0.25641	0.694268	61.6000	119	120	93	129	78.1513	107.5	-29.3487	20	19	40	54	0.2703	0.678	-25.3795	0.25641	0.694268	3.9692	-0.0139	0.0163	-0.509534	3.43811
70	Paul, Chris	NOH	201.0667	379	378	365	460	96.3061	121.693	-25.3871	49	55	124	141	0.257895	0.692737	38.9333	70	73	56	82	80	112.329	-32.3288	11	12	25	29	0.275	0.6757	-25.3871	0.257895	0.692737	6.9417	-0.0171	0.017	14.8175	4.13563
72	Claxton, Speedy	ATL	3.3333	6	6	8	5	133.333	83.3333	50	4	0	4	1	0.8	1	524.6667	912	908	916	997	100.439	109.802	-9.3632	166	174	292	362	0.3144	0.6266	50	0.8	1	59.3632	0.4856	0.3734	NULL	NULL
73	Andersen, Chris	DEN	303.0833	583	586	705	614	120.926	104.778	16.1481	117	101	207	201	0.367925	0.672078	416.9167	807	801	928	872	114.994	108.864	6.1299	114	125	278	276	0.2923	0.6898	16.1481	0.367925	0.672078	10.0182	0.0756	-0.0177	2.2	3.11296
75	Hart, Jason	DEN	18.8667	37	36	27	39	72.973	108.333	-35.3604	6	5	12	13	0.315789	0.705882	701.1333	1353	1351	1606	1447	118.699	107.106	11.5933	225	221	473	464	0.3266	0.6816	-35.3604	0.315789	0.705882	-46.9537	-0.0108	0.0243	NULL	NULL
76	Butler, Rasual	NOH	157.5500	294	295	292	364	99.3197	123.39	-24.0701	43	49	95	108	0.284768	0.659722	82.4500	155	156	129	178	83.2258	114.103	-30.8768	17	18	54	62	0.2152	0.75	-24.0701	0.284768	0.659722	6.8067	0.0696	-0.0903	-11.092	2.91497
83	Bass, Brandon	DAL	191.8000	360	364	419	406	116.389	111.538	4.85043	55	49	132	127	0.302198	0.729282	288.2000	543	541	597	619	109.945	114.418	-4.473	86	87	199	178	0.3258	0.6958	4.85043	0.302198	0.729282	9.3234	-0.0236	0.0335	0.494367	3.44526
85	Price, Ronnie	UTA	16.0333	30	31	40	37	133.333	119.355	13.9785	10	8	11	11	0.47619	0.578947	223.9667	441	440	447	496	101.36	112.727	-11.3667	83	63	146	157	0.3458	0.6986	13.9785	0.47619	0.578947	25.3452	0.1304	-0.1197	-6.75729	4.23123
86	Johnson, Joe	ATL	428.8667	742	737	743	792	100.135	107.463	-7.32792	132	155	244	297	0.307692	0.611529	99.1333	176	177	181	210	102.841	118.644	-15.8032	38	19	52	66	0.3654	0.7324	-7.32792	0.307692	0.611529	8.4753	-0.0577	-0.1209	5.36611	3.29688
88	Pachulia, Zaza	ATL	260.1833	442	438	462	479	104.525	109.361	-4.83584	93	100	146	171	0.352273	0.593496	267.8167	476	476	462	523	97.0588	109.874	-12.8151	77	74	150	192	0.2862	0.6696	-4.83584	0.352273	0.593496	7.9793	0.0661	-0.0761	-0.941184	3.07782
93	Foyle, Adonal	ORL	3.8500	10	9	8	11	80	122.222	-42.2222	0	1	2	3	0	0.666667	1163.1500	2152	2159	2319	2272	107.76	105.234	2.5263	351	352	787	784	0.3093	0.691	-42.2222	0	0.666667	-44.7485	-0.3093	-0.0243	NULL	NULL
94	Smith, Josh	ATL	410.5000	711	708	713	765	100.281	108.051	-7.76955	126	142	237	280	0.310345	0.62533	117.5000	207	206	211	237	101.932	115.049	-13.1162	44	32	59	83	0.3465	0.6484	-7.76955	0.310345	0.62533	5.3466	-0.0362	-0.0231	0.819598	2.83447
96	Lue, Tyronn	ORL	3.8500	10	10	11	12	110	120	-10	0	0	2	3	0	1	1163.1500	2152	2158	2316	2271	107.621	105.236	2.3845	351	353	787	784	0.3093	0.6904	-10	0	1	-12.3845	-0.3093	0.3096	-5.51023	4.00264
97	Williams, Marvin	ATL	97.3000	179	171	165	181	92.1788	105.848	-13.6692	27	36	57	72	0.272727	0.612903	430.7000	739	743	759	821	102.706	110.498	-7.7916	143	138	239	291	0.3295	0.634	-13.6692	0.272727	0.612903	-5.8776	-0.0568	-0.0211	-4.53684	2.55413
98	Pietrus, Mickael	ORL	617.7167	1137	1158	1225	1209	107.74	104.404	3.33552	202	199	413	411	0.329527	0.674837	549.2833	1025	1010	1102	1074	107.512	106.337	1.1756	149	154	376	376	0.2838	0.7094	3.33552	0.329527	0.674837	2.1599	0.0457	-0.0346	-1.30497	2.61488
103	Fisher, Derek	LAL	608.3500	1153	1159	1279	1184	110.928	102.157	8.77098	208	217	413	403	0.340426	0.655556	457.6500	879	873	973	911	110.694	104.353	6.3412	156	156	323	315	0.3312	0.6743	8.77098	0.340426	0.655556	2.4298	0.0092	-0.0187	-11.3051	4.08501
109	Ivey, Royal	PHI	44.6167	84	86	81	81	96.4286	94.186	2.24252	13	6	31	37	0.26	0.837838	243.3833	448	445	450	496	100.446	111.461	-11.0142	61	80	158	158	0.2785	0.6639	2.24252	0.26	0.837838	13.2567	-0.0185	0.1739	-10.7427	3.52894
110	Hinrich, Kirk	CHI	210.3667	410	413	437	449	106.585	108.717	-2.13134	71	65	153	140	0.336493	0.701835	160.6333	305	301	321	339	105.246	112.625	-7.3787	47	59	111	109	0.3013	0.6529	-2.13134	0.336493	0.701835	5.2474	0.0352	0.0489	2.78902	2.63879
114	Knight, Brevin	UTA	16.5000	30	30	24	42	80	140	-60	2	9	8	13	0.133333	0.470588	223.5000	441	441	463	491	104.989	111.338	-6.3492	91	62	149	155	0.3699	0.7062	-60	0.133333	0.470588	-53.6508	-0.2366	-0.2356	-6.15599	4.04416
116	Rush, Kareem	PHI	0.0000	0	0	0	0	NULL	NULL	NULL	0	0	0	0	NULL	NULL	288.0000	532	531	531	577	99.812	108.663	-8.85087	74	86	189	195	0.275093	0.687273	NULL	NULL	NULL	NULL	NULL	NULL	NULL	NULL
118	Chandler, Tyson	NOH	93.5500	171	171	157	220	91.8129	128.655	-36.8421	18	30	52	68	0.209302	0.634146	146.4500	278	280	264	322	94.964	115	-20.036	42	37	97	102	0.2917	0.7239	-36.8421	0.209302	0.634146	-16.8061	-0.0824	-0.0898	-5.26065	3.49839
119	Gordon, Ben	CHI	304.1500	592	583	629	645	106.25	110.635	-4.38465	94	107	216	208	0.311258	0.668731	66.8500	123	131	129	143	104.878	109.16	-4.2823	24	17	48	41	0.3692	0.7385	-4.38465	0.311258	0.668731	-0.1023	-0.0579	-0.0698	-1.83754	2.68977
122	Deng, Luol	CHI	0.0000	0	0	0	0	NULL	NULL	NULL	0	0	0	0	NULL	NULL	371.0000	715	714	758	788	106.014	110.364	-4.35016	118	124	264	249	0.321526	0.680412	NULL	NULL	NULL	NULL	NULL	NULL	-0.807334	2.79917
123	Ely, Melvin	NOH	0.0000	0	0	0	0	NULL	NULL	NULL	0	0	0	0	NULL	NULL	240.0000	449	451	421	542	93.7639	120.177	-26.4135	60	67	149	170	0.26087	0.689815	NULL	NULL	NULL	NULL	NULL	NULL	NULL	NULL
125	Thomas, Tim	CHI	15.1167	28	29	27	30	96.4286	103.448	-7.0197	3	7	10	12	0.2	0.588235	355.8833	687	685	731	758	106.405	110.657	-4.2523	115	117	254	237	0.3267	0.6846	-7.0197	0.2	0.588235	-2.7674	-0.1267	-0.0964	1.14237	2.76245
128	Carroll, Matt	DAL	13.6333	23	25	21	26	91.3043	104	-12.6957	4	2	7	10	0.285714	0.777778	466.3667	880	880	995	999	113.068	113.523	-0.4545	137	134	324	295	0.3171	0.7074	-12.6957	0.285714	0.777778	-12.2412	-0.0314	0.0704	-10.7855	3.50539
132	Okur, Mehmet	UTA	43.4167	79	79	85	95	107.595	120.253	-12.6582	16	16	30	33	0.326531	0.652174	196.5833	392	392	402	438	102.551	111.735	-9.1837	77	55	127	135	0.3632	0.6978	-12.6582	0.326531	0.652174	-3.4745	-0.0367	-0.0456	-0.371109	3.00039
136	Kirilenko, Andrei	UTA	136.3167	269	269	271	316	100.743	117.472	-16.7286	55	43	82	95	0.366667	0.656	103.6833	202	202	216	217	106.931	107.426	-0.495	38	28	75	73	0.3423	0.7282	-16.7286	0.366667	0.656	-16.2336	0.0244	-0.0722	3.01789	2.74203
137	Collins, Jarron	UTA	35.3500	68	67	72	72	105.882	107.463	-1.58033	9	3	23	25	0.264706	0.884615	204.6500	403	404	415	461	102.978	114.109	-11.1312	84	68	134	143	0.37	0.6634	-1.58033	0.264706	0.884615	9.5509	-0.1053	0.2212	NULL	NULL
138	Harpring, Matt	UTA	48.5167	99	97	100	100	101.01	103.093	-2.08268	17	20	34	34	0.333333	0.62963	191.4833	372	374	387	433	104.032	115.775	-11.7431	76	51	123	134	0.3619	0.7069	-2.08268	0.333333	0.62963	9.6604	-0.0286	-0.0773	-1.56282	3.39936
139	Williams, Deron	UTA	210.7167	420	418	430	466	102.381	111.483	-9.1023	84	57	142	150	0.358974	0.713568	29.2833	51	53	57	67	111.765	126.415	-14.6504	9	14	15	18	0.3333	0.5172	-9.1023	0.358974	0.713568	5.5481	0.0257	0.1964	0.865838	4.22952
140	Brown, Devin	NOH	32.6000	62	63	49	75	79.0323	119.048	-40.0154	5	6	21	23	0.178571	0.777778	207.4000	387	388	372	467	96.124	120.361	-24.2368	55	61	128	147	0.2723	0.6772	-40.0154	0.178571	0.777778	-15.7786	-0.0937	0.1006	-5.08875	3.12879
143	O'Neal, Jermaine	MIA	161.7500	284	279	307	292	108.099	104.66	3.43909	40	51	108	94	0.298507	0.679245	174.2500	300	307	310	319	103.333	103.909	-0.5755	47	59	115	108	0.3032	0.6609	3.43909	0.298507	0.679245	4.0146	-0.0047	0.0183	-6.99262	2.53561
144	Battie, Tony	ORL	128.3833	237	242	255	264	107.595	109.091	-1.49597	39	39	85	74	0.345133	0.685484	1038.6167	1925	1926	2072	2019	107.636	104.829	2.8077	312	314	704	713	0.3044	0.6916	-1.49597	0.345133	0.685484	-4.3037	0.0407	-0.0061	-2.71891	3.28694
145	Artest, Ron	HOU	488.0167	880	877	924	931	105	106.157	-1.15735	141	149	330	318	0.30719	0.688935	135.9833	263	263	265	277	100.76	105.323	-4.5627	43	42	99	94	0.3139	0.7021	-1.15735	0.30719	0.688935	3.4053	-0.0067	-0.0132	3.43566	2.56709
149	Howard, Dwight	ORL	902.7333	1668	1658	1759	1758	105.456	106.031	-0.575728	275	282	605	621	0.30692	0.682074	264.2667	494	510	568	525	114.98	102.941	12.0386	76	71	184	166	0.314	0.7216	-0.575728	0.30692	0.682074	-12.6143	-0.0071	-0.0395	0.55319	3.60406
151	Turkoglu, Hedo	ORL	933.6667	1719	1714	1874	1834	109.017	107.001	2.0157	269	273	626	624	0.301232	0.696329	233.3333	443	454	453	449	102.257	98.8987	3.3587	82	80	163	163	0.3347	0.6708	2.0157	0.301232	0.696329	-1.343	-0.0335	0.0255	2.76835	2.68663
158	Nelson, Jameer	ORL	89.8000	162	161	168	181	103.704	112.422	-8.71866	32	27	56	61	0.344086	0.674699	1077.2000	2000	2007	2159	2102	107.95	104.733	3.2166	319	326	733	726	0.3053	0.6922	-8.71866	0.344086	0.674699	-11.9353	0.0388	-0.0175	-1.13988	3.43168
163	Evans, Reggie	PHI	36.1500	69	68	57	67	82.6087	98.5294	-15.9207	11	7	27	31	0.261905	0.794118	251.8500	463	463	474	510	102.376	110.151	-7.7754	63	79	162	164	0.2775	0.6722	-15.9207	0.261905	0.794118	-8.1453	-0.0156	0.1219	-2.15407	3.23369
166	Allen, Ray	BOS	564.9833	1073	1064	1167	1137	108.76	106.861	1.89958	192	174	392	376	0.338028	0.69258	142.0167	272	281	263	293	96.6912	104.271	-7.5793	29	42	97	113	0.2042	0.6978	1.89958	0.338028	0.69258	9.4789	0.1338	-0.0052	6.35334	3.25152
167	Brand, Elton	PHI	0.0000	0	0	0	0	NULL	NULL	NULL	0	0	0	0	NULL	NULL	288.0000	532	531	531	577	99.812	108.663	-8.85087	74	86	189	195	0.275093	0.687273	NULL	NULL	NULL	NULL	NULL	NULL	-4.55967	3.5121
168	Petro, Johan	DEN	26.4500	52	51	50	58	96.1538	113.725	-17.5716	8	8	16	17	0.32	0.666667	693.5500	1338	1336	1583	1428	118.311	106.886	11.4247	223	218	469	460	0.3265	0.6827	-17.5716	0.32	0.666667	-28.9963	-0.0065	-0.016	-11.1031	3.53972
170	Lewis, Rashard	ORL	985.8667	1834	1829	1979	1930	107.906	105.522	2.38407	287	299	669	670	0.299895	0.691116	181.1333	328	339	348	353	106.098	104.13	1.9678	64	54	120	117	0.3536	0.6897	2.38407	0.299895	0.691116	0.4163	-0.0537	0.0014	7.85722	2.86112
174	Murray, Ronald (Flip)	ATL	340.6167	584	585	599	642	102.568	109.744	-7.1751	117	109	190	230	0.337176	0.635451	187.3833	334	329	325	360	97.3054	109.423	-12.1171	53	65	106	133	0.2849	0.6199	-7.1751	0.337176	0.635451	4.942	0.0523	0.0156	3.40028	2.5883
178	Singleton, James	DAL	41.4667	76	80	70	108	92.1053	135	-42.8947	14	15	21	29	0.325581	0.583333	438.5333	827	825	946	917	114.389	111.151	3.2378	127	121	310	276	0.3151	0.7193	-42.8947	0.325581	0.583333	-46.1325	0.0105	-0.136	-5.44452	3.76423
186	Bryant, Kobe	LAL	894.8833	1705	1698	1925	1755	112.903	103.357	9.54634	307	317	607	604	0.336992	0.656926	171.1167	327	334	327	340	100	101.796	-1.7964	57	56	129	114	0.3333	0.6973	9.54634	0.336992	0.656926	11.3427	0.0037	-0.0404	6.11481	3.32784
187	Odom, Lamar	LAL	702.6333	1345	1345	1538	1368	114.349	101.71	12.6394	251	248	486	453	0.356534	0.662125	363.3667	687	687	714	727	103.93	105.822	-1.8923	113	125	250	265	0.2989	0.6667	12.6394	0.356534	0.662125	14.5317	0.0576	-0.0046	11.3104	2.73173
188	Mihm, Chris	LAL	0.0000	0	0	0	0	NULL	NULL	NULL	0	0	0	0	NULL	NULL	1066.0000	2032	2032	2252	2095	110.827	103.1	7.72638	364	373	736	718	0.336414	0.663661	NULL	NULL	NULL	NULL	NULL	NULL	NULL	NULL
189	Brown, Kwame	DET	48.3500	80	77	77	99	96.25	128.571	-32.3214	15	21	27	27	0.357143	0.5625	143.6500	250	249	235	275	94	110.442	-16.4418	37	35	85	105	0.2606	0.7083	-32.3214	0.357143	0.5625	-15.8796	0.0965	-0.1458	-1.27102	3.50152
190	George, Devean	DAL	0.0000	0	0	0	0	NULL	NULL	NULL	0	0	0	0	NULL	NULL	480.0000	903	905	1016	1025	112.514	113.26	-0.745826	141	136	331	305	0.316143	0.708779	NULL	NULL	NULL	NULL	NULL	NULL	-12.5677	3.82063
191	Cook, Brian	HOU	32.0000	63	63	54	71	85.7143	112.698	-26.9841	14	12	18	26	0.35	0.6	592.0000	1080	1077	1135	1137	105.093	105.571	-0.4784	170	179	411	386	0.3058	0.6966	-26.9841	0.35	0.6	-26.5057	0.0442	-0.0966	NULL	NULL
193	Vujacic, Sasha	LAL	246.6333	491	489	520	518	105.906	105.93	-0.0241567	84	76	177	173	0.326848	0.699605	819.3667	1541	1543	1732	1577	112.395	102.203	10.191	280	297	559	545	0.3394	0.653	-0.0241567	0.326848	0.699605	-10.2152	-0.0126	0.0466	-4.27916	2.98919
194	Bynum, Andrew	LAL	381.2833	721	714	770	739	106.796	103.501	3.29472	117	135	269	268	0.303896	0.665842	684.7167	1311	1318	1482	1356	113.044	102.883	10.1603	247	238	467	450	0.3544	0.6624	3.29472	0.303896	0.665842	-6.8656	-0.0505	0.0034	2.00631	2.87216
197	Gasol, Pau	LAL	885.9333	1677	1682	1881	1735	112.165	103.151	9.01357	302	313	607	584	0.340858	0.659783	180.0667	355	350	371	360	104.507	102.857	1.6499	62	60	129	134	0.3163	0.6825	9.01357	0.340858	0.659783	7.3637	0.0246	-0.0227	6.64384	2.76624
198	Battier, Shane	HOU	495.7000	901	902	942	967	104.55	107.206	-2.65571	144	156	339	317	0.312364	0.684848	128.3000	242	238	247	241	102.066	101.26	0.8056	40	35	90	95	0.2963	0.72	-2.65571	0.312364	0.684848	-3.4613	0.0161	-0.0352	2.47668	2.80123
199	Wright, Lorenzen	CLE	0.0000	0	0	0	0	NULL	NULL	NULL	0	0	0	0	NULL	NULL	677.0000	1204	1207	1366	1247	113.455	103.314	10.1411	240	196	463	410	0.369231	0.70258	NULL	NULL	NULL	NULL	NULL	NULL	NULL	NULL
201	Haslem, Udonis	MIA	203.7833	350	351	387	375	110.571	106.838	3.73382	49	60	133	114	0.300613	0.689119	132.2167	234	235	230	236	98.2906	100.425	-2.1349	38	50	90	88	0.3016	0.6429	3.73382	0.300613	0.689119	5.8687	-0.001	0.0462	-10.305	3.39423
204	Wade, Dwayne	MIA	285.2333	498	498	534	516	107.229	103.614	3.61446	79	89	197	170	0.317269	0.688811	50.7667	86	88	83	95	96.5116	107.954	-11.4429	8	21	26	32	0.2	0.5532	3.61446	0.317269	0.688811	15.0574	0.1173	0.1356	16.8328	3.39619
212	Jones, Dahntay	DEN	264.8167	500	503	554	522	110.8	103.777	7.02266	75	75	176	168	0.308642	0.701195	455.1833	890	884	1079	964	121.236	109.05	12.1862	156	151	309	309	0.3355	0.6717	7.02266	0.308642	0.701195	-5.1635	-0.0269	0.0295	-11.4248	3.12896
214	Wright, Dorell	MIA	3.0667	5	5	2	4	40	80	-40	2	1	1	2	0.5	0.5	332.9333	579	581	615	607	106.218	104.475	1.7426	85	109	222	200	0.2982	0.6707	-40	0.5	0.5	-41.7426	0.2018	-0.1707	NULL	NULL
222	Kidd, Jason	DAL	386.3500	736	741	833	834	113.179	112.551	0.628741	111	106	275	239	0.317143	0.721785	93.6500	167	164	183	191	109.581	116.463	-6.8826	30	30	56	66	0.3125	0.6512	0.628741	0.317143	0.721785	7.5113	0.0046	0.0706	7.50824	2.95943
231	Vaughn, Jacque	SAS	21.2500	35	36	40	29	114.286	80.5556	33.7302	6	2	17	14	0.3	0.894737	218.7500	398	396	412	453	103.518	114.394	-10.8764	57	57	136	155	0.2689	0.7047	33.7302	0.3	0.894737	44.6066	0.0311	0.19	-9.36061	4.77158
236	Blount, Mark	MIA	0.0000	0	0	0	0	NULL	NULL	NULL	0	0	0	0	NULL	NULL	336.0000	584	586	617	611	105.651	104.266	1.38447	87	110	223	202	0.301038	0.66967	NULL	NULL	NULL	NULL	NULL	NULL	NULL	NULL
239	West, Delonte	CLE	590.6333	1052	1054	1201	1084	114.163	102.846	11.3172	199	160	397	356	0.358559	0.712747	86.3667	152	153	165	163	108.553	106.536	2.0167	41	36	66	54	0.4316	0.6471	11.3172	0.358559	0.712747	9.3005	-0.073	0.0656	0.873718	2.73913
240	Pierce, Paul	BOS	555.9833	1059	1059	1138	1117	107.46	105.477	1.983	180	159	390	389	0.316344	0.710383	151.0167	286	286	292	313	102.098	109.441	-7.3427	41	57	99	100	0.2908	0.6346	1.983	0.316344	0.710383	9.3257	0.0255	0.0758	-0.164382	3.12788
244	Marbury, Stephon	BOS	166.0333	321	329	309	345	96.2617	104.863	-8.60154	38	58	115	122	0.2375	0.66474	540.9667	1024	1016	1121	1085	109.473	106.791	2.6813	183	158	374	367	0.3327	0.703	-8.60154	0.2375	0.66474	-11.2828	-0.0952	-0.0383	-10.194	3.73752
245	Ariza, Trevor	LAL	689.6667	1299	1308	1447	1348	111.393	103.058	8.33528	237	240	469	457	0.341499	0.661495	376.3333	733	724	805	747	109.823	103.177	6.6459	127	133	267	261	0.3273	0.6675	8.33528	0.341499	0.661495	1.6894	0.0142	-0.006	-1.73114	2.94198
252	Scalabrine, Brian	BOS	245.5667	451	454	493	500	109.313	110.132	-0.81952	71	83	157	157	0.311404	0.654167	461.4333	894	891	937	930	104.81	104.377	0.4327	150	133	332	332	0.3112	0.714	-0.81952	0.311404	0.654167	-1.2522	0.0002	-0.0598	-0.102337	3.53089
253	Perkins, Kendrick	BOS	512.1000	954	960	1008	997	105.66	103.854	1.80621	164	147	374	357	0.314779	0.71785	194.9000	391	385	422	433	107.928	112.467	-4.5391	57	69	115	132	0.3016	0.625	1.80621	0.314779	0.71785	6.3453	0.0132	0.0929	-5.8991	3.26669
257	Gooden, Drew	SAS	70.7333	126	127	120	122	95.2381	96.063	-0.824897	15	8	52	53	0.220588	0.866667	169.2667	307	305	332	360	108.143	118.033	-9.8895	48	51	101	116	0.2927	0.6645	-0.824897	0.220588	0.866667	9.0646	-0.0721	0.2022	-6.42577	2.80278
258	Ilgauskas, Zydrunas	CLE	406.8500	731	720	860	736	117.647	102.222	15.4248	138	115	281	245	0.360313	0.709596	270.1500	473	487	506	511	106.977	104.928	2.0486	102	81	182	165	0.382	0.692	15.4248	0.360313	0.709596	13.3762	-0.0217	0.0176	-1.21066	2.76057
260	James, LeBron	CLE	579.8000	1036	1035	1189	1067	114.768	103.092	11.6766	217	162	392	357	0.378049	0.707581	97.2000	168	172	177	180	105.357	104.651	0.706	23	34	71	53	0.3026	0.6762	11.6766	0.378049	0.707581	10.9706	0.0754	0.0314	13.9129	3.1271
263	Marshall, Donyell	PHI	50.2833	101	93	110	105	108.911	112.903	-3.99233	13	15	34	29	0.309524	0.693878	237.7167	431	438	421	472	97.6798	107.763	-10.0827	61	71	155	166	0.2687	0.6858	-3.99233	0.309524	0.693878	6.0904	0.0408	0.0081	NULL	NULL
265	Pavlovic, Sasha	CLE	91.3500	172	178	165	168	95.9302	94.382	1.54821	25	37	71	63	0.284091	0.657407	585.6500	1032	1029	1201	1079	116.376	104.859	11.5169	215	159	392	347	0.3826	0.7114	1.54821	0.284091	0.657407	-9.9687	-0.0985	-0.054	-3.24255	2.87205
270	Hamilton, Richard	DET	154.1833	266	262	234	308	87.9699	117.557	-29.5873	37	46	91	111	0.25	0.664234	37.8167	64	64	78	66	121.875	103.125	18.75	15	10	21	21	0.4167	0.6774	-29.5873	0.25	0.664234	-48.3373	-0.1667	-0.0132	-2.83275	3.06986
271	Billups, Chauncey	DEN	580.2667	1123	1113	1338	1205	119.145	108.266	10.8792	173	181	386	388	0.308378	0.680776	139.7333	267	274	295	281	110.487	102.555	7.9321	58	45	99	89	0.3946	0.6875	10.8792	0.308378	0.680776	2.9471	-0.0862	-0.0067	0.271948	2.85093
272	Prince, Tayshaun	DET	128.6333	219	218	199	249	90.8676	114.22	-23.3526	34	37	76	87	0.280992	0.672566	63.3667	111	108	113	125	101.802	115.741	-13.9389	18	19	36	45	0.2857	0.6545	-23.3526	0.280992	0.672566	-9.4137	-0.0047	0.0181	-1.02095	3.39385
273	Wallace, Ben	CLE	176.1000	300	306	322	348	107.333	113.725	-6.39216	65	45	102	106	0.380117	0.693878	500.9000	904	901	1044	899	115.487	99.778	15.7087	175	151	361	304	0.3653	0.7051	-6.39216	0.380117	0.693878	-22.1009	0.0148	-0.0112	-4.52435	2.81287
274	Wallace, Rasheed	DET	121.9833	207	206	181	239	87.4396	116.019	-28.5798	27	31	72	86	0.238938	0.699029	70.0167	123	120	131	135	106.504	112.5	-5.9959	25	25	40	46	0.3521	0.6154	-28.5798	0.238938	0.699029	-22.5839	-0.1132	0.0836	5.45095	3.39008
275	McDyess, Antonio	DET	135.7167	236	232	215	254	91.1017	109.483	-18.3811	31	40	88	95	0.246032	0.6875	56.2833	94	94	97	120	103.191	127.66	-24.4681	21	16	24	37	0.3621	0.6	-18.3811	0.246032	0.6875	6.087	-0.1161	0.0875	0.140499	3.16164
276	Evans, Maurice	ATL	265.1333	445	450	441	515	99.1011	114.444	-15.3433	77	90	144	182	0.297297	0.615385	262.8667	473	464	483	487	102.114	104.957	-2.8427	93	84	152	181	0.3394	0.6441	-15.3433	0.297297	0.615385	-12.5006	-0.0421	-0.0287	-6.08099	2.39934
280	Maxiell, Jason	DET	63.9000	111	110	115	134	103.604	121.818	-18.2146	24	17	30	44	0.352941	0.638298	128.1000	219	216	197	240	89.9543	111.111	-21.1568	28	39	82	88	0.2414	0.6777	-18.2146	0.352941	0.638298	2.9422	0.1115	-0.0394	-5.25792	3.19114
281	Williams, Louis	PHI	149.0833	283	275	286	285	101.06	103.636	-2.57629	43	44	103	101	0.298611	0.70068	138.9167	249	256	245	292	98.3936	114.063	-15.6689	31	42	86	94	0.248	0.6719	-2.57629	0.298611	0.70068	13.0926	0.0506	0.0288	-5.48398	3.2267
284	Przybilla, Joel	POR	162.4500	271	281	288	324	106.273	115.302	-9.02943	36	44	94	105	0.255319	0.681159	125.5500	232	224	235	231	101.293	103.125	-1.8319	31	34	83	91	0.2541	0.7094	-9.02943	0.255319	0.681159	-7.1975	0.0012	-0.0282	1.06332	3.55541
285	Garnett, Kevin	BOS	0.0000	0	0	0	0	NULL	NULL	NULL	0	0	0	0	NULL	NULL	707.0000	1345	1345	1430	1430	106.32	106.32	0	221	216	489	489	0.311268	0.693617	NULL	NULL	NULL	NULL	NULL	NULL	8.4272	3.44921
288	Szczerbiak, Wally	CLE	154.3667	276	276	291	326	105.435	118.116	-12.6812	55	49	104	96	0.364238	0.679739	522.6333	928	931	1075	921	115.84	98.9259	16.9146	185	147	359	314	0.3707	0.7095	-12.6812	0.364238	0.679739	-29.5958	-0.0065	-0.0298	-5.82341	2.53537
297	Ratliff, Theo	PHI	94.2000	171	174	194	177	113.45	101.724	11.7262	21	37	59	53	0.283784	0.614583	193.8000	361	357	337	400	93.3518	112.045	-18.693	53	49	130	142	0.2718	0.7263	11.7262	0.283784	0.614583	30.4192	0.012	-0.1117	0.902176	4.07878
298	Carter, Anthony	DEN	216.8167	417	426	489	462	117.266	108.451	8.81548	90	64	144	149	0.376569	0.692308	503.1833	973	961	1144	1024	117.575	106.556	11.0188	141	162	341	328	0.3006	0.6779	8.81548	0.376569	0.692308	-2.2033	0.076	0.0144	-9.1106	2.76754
302	Ming, Yao	HOU	322.7500	582	573	611	612	104.983	106.806	-1.82346	97	92	222	198	0.328814	0.707006	301.2500	561	567	578	596	103.03	105.115	-2.0843	87	99	207	214	0.289	0.6765	-1.82346	0.328814	0.707006	0.2608	0.0398	0.0305	6.48093	2.92383
305	McGrady, Tracy	HOU	0.0000	0	0	0	0	NULL	NULL	NULL	0	0	0	0	NULL	NULL	624.0000	1143	1140	1189	1208	104.024	105.965	-1.94042	184	191	429	412	0.308725	0.691935	NULL	NULL	NULL	NULL	NULL	NULL	-2.46507	3.30312
308	Alston, Rafer	ORL	740.2500	1386	1381	1476	1447	106.494	104.779	1.71436	226	226	503	522	0.302139	0.689986	426.7500	776	787	851	836	109.665	106.226	3.4388	125	127	286	265	0.3205	0.6925	1.71436	0.302139	0.689986	-1.7244	-0.0184	-0.0025	-6.25707	2.67229
311	Bowen, Ryan	NOH	1.6333	3	4	4	3	133.333	75	58.3333	1	3	0	2	0.333333	0	238.3667	446	447	417	539	93.4978	120.582	-27.0839	59	64	149	168	0.2599	0.6995	58.3333	0.333333	0	85.4172	0.0734	-0.6995	NULL	NULL
312	Mutombo, Dikembe	HOU	19.7167	33	36	38	30	115.152	83.3333	31.8182	4	4	17	8	0.333333	0.809524	604.2833	1110	1104	1151	1178	103.694	106.703	-3.0092	180	187	412	404	0.3082	0.6878	31.8182	0.333333	0.809524	34.8274	0.0251	0.1217	NULL	NULL
321	Daniels, Antonio	NOH	64.2500	115	120	107	129	93.0435	107.5	-14.4565	18	17	44	44	0.290323	0.721311	175.7500	334	331	314	413	94.012	124.773	-30.7614	42	50	105	126	0.25	0.6774	-14.4565	0.290323	0.721311	16.3049	0.0403	0.0439	-9.65875	3.19847
326	Peterson, Morris	NOH	20.7167	39	41	28	51	71.7949	124.39	-52.5954	3	5	12	17	0.15	0.705882	219.2833	410	410	393	491	95.8537	119.756	-23.9024	57	62	137	153	0.2714	0.6884	-52.5954	0.15	0.705882	-28.693	-0.1214	0.0175	-5.62281	3.7048
329	Ruffin, Michael	POR	5.4500	8	8	10	8	125	100	25	4	2	3	4	0.5	0.6	282.5500	495	497	513	547	103.636	110.06	-6.424	63	76	174	192	0.2471	0.696	25	0.5	0.6	31.424	0.2529	-0.096	NULL	NULL
330	Bonner, Matt	SAS	99.6167	182	182	193	219	106.044	120.33	-14.2857	25	20	61	74	0.252525	0.753086	140.3833	251	250	259	263	103.187	105.2	-2.0127	38	39	92	95	0.2857	0.7023	-14.2857	0.252525	0.753086	-12.273	-0.0332	0.0508	5.43974	2.91435
337	Johnson, Anthony	ORL	279.5500	506	511	544	526	107.51	102.935	4.57446	80	77	198	175	0.313726	0.72	887.4500	1656	1657	1783	1757	107.669	106.035	1.6341	271	276	591	612	0.3069	0.6817	4.57446	0.313726	0.72	2.9404	0.0068	0.0383	-7.8187	3.06236
354	Outlaw, Travis	POR	170.3000	308	309	320	336	103.896	108.738	-4.84176	43	49	109	115	0.272152	0.689873	117.7000	195	196	203	219	104.103	111.735	-7.6321	24	29	68	81	0.2286	0.701	-4.84176	0.272152	0.689873	2.7903	0.0436	-0.0111	-2.59337	3.05498
355	Blake, Steve	POR	230.5333	398	402	420	452	105.528	112.438	-6.91017	50	65	141	157	0.241546	0.684466	57.4667	105	103	103	103	98.0952	100	-1.9048	17	13	36	39	0.3036	0.7347	-6.91017	0.241546	0.684466	-5.0054	-0.0621	-0.0502	-4.6415	4.18611
356	Webster, Martell	POR	0.0000	0	0	0	0	NULL	NULL	NULL	0	0	0	0	NULL	NULL	288.0000	503	505	523	555	103.976	109.901	-5.92485	67	78	177	196	0.254753	0.694118	NULL	NULL	NULL	NULL	NULL	NULL	NULL	NULL
362	Frye, Channing	POR	35.9000	61	60	65	79	106.557	131.667	-25.1093	13	9	14	26	0.333333	0.608696	252.1000	442	445	458	476	103.62	106.966	-3.3464	54	69	163	170	0.2411	0.7026	-25.1093	0.333333	0.608696	-21.7629	0.0922	-0.0939	-11.022	3.88454
372	Head, Luther	MIA	0.0000	0	0	0	0	NULL	NULL	NULL	0	0	0	0	NULL	NULL	336.0000	584	586	617	611	105.651	104.266	1.38447	87	110	223	202	0.301038	0.66967	NULL	NULL	NULL	NULL	NULL	NULL	-10.4171	3.9984
383	Smith, Joe	CLE	217.5167	374	382	411	362	109.893	94.7644	15.1287	82	70	162	124	0.398058	0.698276	459.4833	830	825	955	885	115.06	107.273	7.7875	158	126	301	286	0.3559	0.7049	15.1287	0.398058	0.698276	7.3412	0.0422	-0.0066	-3.54645	2.61443
401	Posey, James	NOH	122.5667	233	235	215	261	92.2747	111.064	-18.7892	35	34	85	89	0.282258	0.714286	117.4333	216	216	206	281	95.3704	130.093	-34.7222	25	33	64	81	0.2358	0.6598	-18.7892	0.282258	0.714286	15.933	0.0465	0.0545	-2.18792	2.37599
408	Johnson, Linton	CHI	9.9000	20	19	28	17	140	89.4737	50.5263	6	1	6	5	0.545455	0.857143	361.1000	695	695	730	771	105.036	110.935	-5.8993	112	123	258	244	0.3146	0.6772	50.5263	0.545455	0.857143	56.4256	0.2309	0.1799	NULL	NULL
410	Marks, Sean	NOH	80.3667	151	155	153	165	101.325	106.452	-5.12711	23	23	60	60	0.277108	0.722892	159.6333	298	296	268	377	89.9329	127.365	-37.432	37	44	89	110	0.2517	0.6692	-5.12711	0.277108	0.722892	32.3049	0.0254	0.0537	-5.34764	3.90812
411	Moore, Mikki	BOS	65.7833	130	139	123	157	94.6154	112.95	-18.3343	20	27	43	48	0.294118	0.614286	641.2167	1215	1206	1307	1273	107.572	105.556	2.0165	201	189	446	441	0.3131	0.7024	-18.3343	0.294118	0.614286	-20.3508	-0.019	-0.0881	-2.61101	2.82513
426	Miles, C.J.	UTA	58.4667	114	114	116	137	101.754	120.175	-18.4211	24	24	37	41	0.369231	0.606557	181.5333	357	357	371	396	103.922	110.924	-7.0028	69	47	120	127	0.352	0.7186	-18.4211	0.369231	0.606557	-11.4183	0.0172	-0.112	-5.03121	3.13482
430	Powell, Josh	LAL	73.2333	143	144	124	155	86.7133	107.639	-20.9256	27	25	45	60	0.310345	0.642857	992.7667	1889	1888	2128	1940	112.652	102.754	9.898	337	348	691	658	0.3387	0.6651	-20.9256	0.310345	0.642857	-30.8236	-0.0284	-0.0222	-12.3961	3.52414
433	Randolph, Shavlik	POR	0.0000	0	0	0	0	NULL	NULL	NULL	0	0	0	0	NULL	NULL	288.0000	503	505	523	555	103.976	109.901	-5.92485	67	78	177	196	0.254753	0.694118	NULL	NULL	NULL	NULL	NULL	NULL	NULL	NULL
439	Mbenga, DJ	LAL	15.6000	33	34	28	31	84.8485	91.1765	-6.32799	5	4	15	10	0.333333	0.789474	1050.4000	1999	1998	2224	2064	111.256	103.303	7.9523	359	369	721	708	0.3365	0.6615	-6.32799	0.333333	0.789474	-14.2803	-0.0032	0.128	NULL	NULL
444	Wright, Antoine	DAL	166.7833	307	310	337	363	109.772	117.097	-7.32479	51	49	111	107	0.322785	0.69375	313.2167	596	595	679	662	113.926	111.26	2.6657	90	87	220	198	0.3125	0.7166	-7.32479	0.322785	0.69375	-9.9905	0.0103	-0.0228	-7.17987	2.85779
454	Wafer, Von	HOU	180.7000	343	343	334	353	97.3761	102.915	-5.53936	53	52	128	134	0.283422	0.711111	443.3000	800	797	855	855	106.875	107.277	-0.4023	131	139	301	278	0.3203	0.6841	-5.53936	0.283422	0.711111	-5.1371	-0.0369	0.027	-0.701931	3.36663
457	Roberson, Anthony	CHI	4.2000	8	8	13	5	162.5	62.5	100	3	1	3	1	0.75	0.75	366.8000	707	706	745	783	105.375	110.907	-5.5317	115	123	261	248	0.3168	0.6797	100	0.75	0.75	105.532	0.4332	0.0703	NULL	NULL
458	Dalembert, Samuel	PHI	133.3500	242	242	237	280	97.9339	115.702	-17.7686	34	31	88	91	0.272	0.739496	154.6500	290	289	294	297	101.379	102.768	-1.3889	40	55	101	104	0.2778	0.6474	-17.7686	0.272	0.739496	-16.3797	-0.0058	0.0921	-4.34495	3.48348
459	Walton, Luke	LAL	316.5167	604	602	656	618	108.609	102.658	5.95146	106	111	223	219	0.326154	0.667665	749.4833	1428	1430	1596	1477	111.765	103.287	8.478	258	262	513	499	0.3408	0.6619	5.95146	0.326154	0.667665	-2.5265	-0.0146	0.0058	-0.00899857	3.06412
492	Stackhouse, Jerry	DAL	0.0000	0	0	0	0	NULL	NULL	NULL	0	0	0	0	NULL	NULL	480.0000	903	905	1016	1025	112.514	113.26	-0.745826	141	136	331	305	0.316143	0.708779	NULL	NULL	NULL	NULL	NULL	NULL	NULL	NULL
501	Allen, Tony	BOS	60.2667	107	129	99	151	92.5234	117.054	-24.5309	15	25	44	45	0.25	0.637681	646.7333	1238	1216	1331	1279	107.512	105.181	2.3312	206	191	445	444	0.3169	0.6997	-24.5309	0.25	0.637681	-26.8621	-0.0669	-0.062	-3.46902	3.57724
505	Varejao, Anderson	CLE	420.0167	751	757	880	764	117.177	100.925	16.2524	150	111	293	258	0.367647	0.725248	256.9833	453	450	486	483	107.285	107.333	-0.0486	90	85	170	152	0.3719	0.6667	16.2524	0.367647	0.725248	16.301	-0.0043	0.0585	-1.18123	2.84107
508	Hayes, Chuck	HOU	173.3167	310	314	318	315	102.581	100.318	2.26217	56	55	119	122	0.314607	0.683908	450.6833	833	826	871	893	104.562	108.111	-3.5496	128	136	310	290	0.3062	0.6951	2.26217	0.314607	0.683908	5.8118	0.0084	-0.0112	1.36777	3.36291
510	Johnson, Amir	DET	12.6167	23	24	28	19	121.739	79.1667	42.5725	6	5	7	9	0.4	0.583333	179.3833	307	302	284	355	92.5081	117.55	-25.0415	46	51	105	123	0.2722	0.6731	42.5725	0.4	0.583333	67.614	0.1278	-0.0898	5.45976	3.69568
514	Green, Gerald	DAL	26.0500	48	47	41	47	85.4167	100	-14.5833	11	9	18	22	0.333333	0.666667	453.9500	855	858	975	978	114.035	113.986	0.0491	130	127	313	283	0.3148	0.7114	-14.5833	0.333333	0.666667	-14.6324	0.0185	-0.0447	NULL	NULL
515	Hunter, Lindsey	CHI	23.2667	48	51	57	45	118.75	88.2353	30.5147	8	5	19	18	0.307692	0.791667	347.7333	667	663	701	743	105.098	112.066	-6.9689	110	119	245	231	0.3226	0.6731	30.5147	0.307692	0.791667	37.4836	-0.0149	0.1186	NULL	NULL
518	Boozer, Carlos	UTA	185.5667	368	371	378	418	102.717	112.668	-9.95107	75	43	123	128	0.369458	0.740964	54.4333	103	100	109	115	105.825	115	-9.1748	18	28	34	40	0.3103	0.5484	-9.95107	0.369458	0.740964	-0.7763	0.0592	0.1926	-3.32882	2.93976
532	Bynum, Will	DET	78.2333	133	129	140	157	105.263	121.705	-16.4423	28	23	41	53	0.345679	0.640625	113.7667	197	197	172	217	87.3096	110.152	-22.8426	24	33	71	79	0.233	0.6827	-16.4423	0.345679	0.640625	6.4003	0.1127	-0.0421	0.239751	4.40952
541	Green, Willie	PHI	147.4833	267	270	260	307	97.3783	113.704	-16.3254	34	44	90	101	0.251852	0.671642	140.5167	265	261	271	270	102.264	103.448	-1.1841	40	42	99	94	0.2985	0.7021	-16.3254	0.251852	0.671642	-15.1413	-0.0466	-0.0305	-7.47247	3.0169
544	Udoka, Ime	SAS	104.4167	188	183	201	190	106.915	103.825	3.08976	29	29	71	65	0.308511	0.71	135.5833	245	249	251	292	102.449	117.269	-14.8201	34	30	82	104	0.2464	0.7321	3.08976	0.308511	0.71	17.9099	0.0621	-0.0221	5.02728	3.01073
550	Jones, Solomon	ATL	77.2000	142	138	130	162	91.5493	117.391	-25.842	37	13	41	57	0.393617	0.759259	450.8000	776	776	794	840	102.32	108.247	-5.9278	133	161	255	306	0.303	0.613	-25.842	0.393617	0.759259	-19.9142	0.0906	0.1463	-11.8045	4.13919
552	Powe, Leon	BOS	24.3667	50	50	38	54	76	108	-32	7	6	21	26	0.212121	0.777778	682.6333	1295	1295	1392	1376	107.49	106.255	1.2355	214	210	468	463	0.3161	0.6903	-32	0.212121	0.777778	-33.2355	-0.104	0.0875	0.96333	3.4631
553	Rondo, Rajon	BOS	577.1500	1111	1113	1208	1164	108.731	104.582	4.14866	192	175	411	398	0.325424	0.701365	129.8500	234	232	222	266	94.8718	114.655	-19.7834	29	41	78	91	0.2417	0.6555	4.14866	0.325424	0.701365	23.9321	0.0837	0.0459	0.610234	3.69993
555	Morrison, Adam	LAL	0.0000	0	0	0	0	NULL	NULL	NULL	0	0	0	0	NULL	NULL	1066.0000	2032	2032	2252	2095	110.827	103.1	7.72638	364	373	736	718	0.336414	0.663661	NULL	NULL	NULL	NULL	NULL	NULL	-10.0381	4.16986
556	Herrmann, Walter	DET	22.0833	40	41	47	40	117.5	97.561	19.939	8	6	10	14	0.363636	0.625	169.9167	290	285	265	334	91.3793	117.193	-25.8137	44	50	102	118	0.2716	0.6711	19.939	0.363636	0.625	45.7527	0.092	-0.0461	-2.45347	4.27951
557	Hollins, Ryan	DAL	83.7667	160	160	153	181	95.625	113.125	-17.5	25	29	67	61	0.290698	0.697917	396.2333	743	745	863	844	116.151	113.289	2.8621	116	107	264	244	0.3222	0.7116	-17.5	0.290698	0.697917	-20.3621	-0.0315	-0.0137	-1.28466	4.17737
559	Thomas, Tyrus	CHI	195.0333	365	376	378	436	103.562	115.957	-12.3958	68	60	135	114	0.373626	0.692308	175.9667	350	338	380	352	108.571	104.142	4.4294	50	64	129	135	0.2703	0.6684	-12.3958	0.373626	0.692308	-16.8252	0.1033	0.0239	-7.38758	2.60327
560	Brown, Shannon	LAL	261.6000	504	504	568	535	112.698	106.151	6.54762	97	91	190	182	0.34767	0.676157	804.4000	1528	1528	1684	1560	110.209	102.094	8.1152	267	282	546	536	0.3325	0.6594	6.54762	0.34767	0.676157	-1.5676	0.0152	0.0168	-4.56354	3.66841
561	Gibson, Daniel	CLE	171.8833	307	316	343	326	111.726	103.165	8.56183	70	61	123	103	0.404624	0.668478	505.1167	897	891	1023	921	114.047	103.367	10.6798	170	135	340	307	0.3564	0.7158	8.56183	0.404624	0.668478	-2.118	0.0482	-0.0473	1.06798	2.72666
563	Barea, Jose	DAL	221.3000	404	402	487	454	120.545	112.935	7.60923	54	64	148	138	0.28125	0.698113	258.7000	499	503	529	571	106.012	113.519	-7.5069	87	72	183	167	0.3425	0.7176	7.60923	0.28125	0.698113	15.1161	-0.0612	-0.0195	0.305119	3.03386
565	Diawara, Yakhouba	MIA	21.1500	38	39	37	31	97.3684	79.4872	17.8812	4	10	13	15	0.210526	0.565217	314.8500	546	547	580	580	106.227	106.033	0.1942	83	100	210	187	0.3074	0.6774	17.8812	0.210526	0.565217	17.687	-0.0969	-0.1122	-5.93236	3.47741
573	Williams, Shawne	DAL	0.0000	0	0	0	0	NULL	NULL	NULL	0	0	0	0	NULL	NULL	480.0000	903	905	1016	1025	112.514	113.26	-0.745826	141	136	331	305	0.316143	0.708779	NULL	NULL	NULL	NULL	NULL	NULL	NULL	NULL
575	Farmar, Jordan	LAL	253.6667	485	481	524	489	108.041	101.663	6.37804	79	88	179	177	0.308594	0.670412	812.3333	1547	1551	1728	1606	111.7	103.546	8.154	285	285	557	541	0.345	0.6615	6.37804	0.308594	0.670412	-1.776	-0.0364	0.0089	-12.3827	3.86634
579	Lowry, Kyle	HOU	253.4833	479	482	491	508	102.505	105.394	-2.88897	78	82	181	178	0.304688	0.688213	370.5167	664	658	698	700	105.12	106.383	-1.2625	106	109	248	234	0.3118	0.6947	-2.88897	0.304688	0.688213	-1.6265	-0.0071	-0.0065	-7.47432	2.98546
580	Kinsey, Tarence	CLE	10.7000	21	23	19	23	90.4762	100	-9.52381	4	7	9	5	0.444444	0.5625	666.3000	1183	1184	1347	1224	113.863	103.378	10.4847	236	189	454	405	0.3682	0.7061	-9.52381	0.444444	0.5625	-20.0085	0.0762	-0.1436	NULL	NULL
581	Quinn, Chris	MIA	24.3167	42	42	44	33	104.762	78.5714	26.1905	4	13	13	15	0.210526	0.5	311.6833	542	544	573	578	105.72	106.25	-0.5304	83	97	210	187	0.3074	0.684	26.1905	0.210526	0.5	26.7209	-0.0969	-0.184	-0.983655	3.68459
594	Armstrong, Hilton	NOH	52.9500	103	101	90	121	87.3786	119.802	-32.4233	13	10	32	37	0.26	0.761905	187.0500	346	350	331	421	95.6647	120.286	-24.621	47	57	117	133	0.2611	0.6724	-32.4233	0.26	0.761905	-7.8023	-0.0011	0.0895	-7.302	3.6784
597	Balkman, Renaldo	DEN	20.1500	41	39	39	29	95.1219	74.359	20.763	6	2	16	11	0.352941	0.888889	699.8500	1349	1348	1594	1457	118.162	108.086	10.0755	225	224	469	466	0.3256	0.6768	20.763	0.352941	0.888889	10.6875	0.0273	0.2121	-3.94423	3.41995
599	Redick, J.J.	ORL	326.8000	612	608	643	619	105.065	101.809	3.25615	96	93	227	231	0.293578	0.709375	840.2000	1550	1560	1684	1664	108.645	106.667	1.9785	255	260	562	556	0.3144	0.6837	3.25615	0.293578	0.709375	1.2776	-0.0208	0.0257	-3.29651	3.05387
605	Rodriguez, Sergio	POR	27.3667	52	46	50	44	96.1538	95.6522	0.501672	12	6	16	21	0.363636	0.727273	260.6333	451	459	473	511	104.878	111.329	-6.4509	55	72	161	175	0.2391	0.691	0.501672	0.363636	0.727273	6.9526	0.1245	0.0363	-10.8416	4.47814
606	Roy, Brandon	POR	238.4333	415	416	439	456	105.783	109.615	-3.83225	48	59	147	159	0.231884	0.713592	49.5667	88	89	84	99	95.4545	111.236	-15.7814	19	19	30	37	0.3393	0.6122	-3.83225	0.231884	0.713592	11.9491	-0.1074	0.1014	3.72879	3.17823
607	Aldridge, LaMarcus	POR	237.2667	415	416	432	450	104.096	108.173	-4.07669	50	65	151	160	0.238095	0.699074	50.7333	88	89	91	105	103.409	117.978	-14.5684	17	13	26	36	0.3208	0.6667	-4.07669	0.238095	0.699074	10.4917	-0.0827	0.0324	3.19736	3.29258
617	Brewer, Ronnie	UTA	157.5333	306	309	323	340	105.556	110.032	-4.47681	52	38	101	105	0.33121	0.726619	82.4667	165	162	164	193	99.3939	119.136	-19.7419	41	33	56	63	0.3942	0.6292	-4.47681	0.33121	0.726619	15.2651	-0.063	0.0974	-0.246406	2.9872
622	Mason, Roger	SAS	108.4167	196	197	213	255	108.673	129.442	-20.7682	29	25	60	80	0.266055	0.705882	131.5833	237	235	239	227	100.844	96.5957	4.2481	34	34	93	89	0.2764	0.7323	-20.7682	0.266055	0.705882	-25.0163	-0.0103	-0.0264	-4.87686	2.54541
629	Millsap, Paul	UTA	155.3667	304	305	312	345	102.632	113.115	-10.4832	68	56	100	105	0.393064	0.641026	84.6333	167	166	175	188	104.79	113.253	-8.4626	25	15	57	63	0.2841	0.7917	-10.4832	0.393064	0.641026	-2.0206	0.109	-0.1507	3.05736	2.7675
640	Kleiza, Linas	DEN	191.2000	373	368	445	374	119.303	101.63	17.6725	71	59	140	132	0.349754	0.703518	528.8000	1017	1019	1188	1112	116.814	109.127	7.6876	160	167	345	345	0.3168	0.6738	17.6725	0.349754	0.703518	9.9849	0.033	0.0297	-6.29434	2.64389
650	Richardson, Jeremy	ORL	2.4333	5	4	6	5	120	125	-5	3	0	2	1	0.75	1	1164.5667	2157	2164	2321	2278	107.603	105.268	2.3351	348	353	787	786	0.3069	0.6904	-5	0.75	1	-7.3351	0.4431	0.3096	NULL	NULL
654	White, James	HOU	11.4833	25	23	25	24	100	104.348	-4.34783	5	4	5	11	0.3125	0.555556	612.5167	1118	1117	1164	1184	104.115	105.998	-1.8837	179	187	424	401	0.3086	0.6939	-4.34783	0.3125	0.555556	-2.4641	0.0039	-0.1383	NULL	NULL
655	Morris, Randolph	ATL	8.4000	15	14	8	14	53.3333	100	-46.6667	4	3	3	4	0.5	0.5	519.6000	903	900	916	988	101.44	109.778	-8.3381	166	171	293	359	0.3162	0.6315	-46.6667	0.5	0.5	-38.3286	0.1838	-0.1315	NULL	NULL
660	Mahinmi, Ian	SAS	0.0000	0	0	0	0	NULL	NULL	NULL	0	0	0	0	NULL	NULL	240.0000	433	432	452	482	104.388	111.574	-7.18608	63	59	153	169	0.271552	0.721698	NULL	NULL	NULL	NULL	NULL	NULL	NULL	NULL
661	Oden, Greg	POR	95.7167	167	163	160	151	95.8084	92.638	3.17035	23	23	63	67	0.255556	0.732558	192.2833	336	342	363	404	108.036	118.129	-10.0929	44	55	114	129	0.2543	0.6746	3.17035	0.255556	0.732558	13.2632	0.0013	0.058	2.92087	4.10101
666	Brooks, Aaron	HOU	443.6833	816	809	854	881	104.657	108.9	-4.24301	131	140	303	288	0.312649	0.683973	180.3167	327	331	335	327	102.447	98.7915	3.6549	53	51	126	124	0.2994	0.7119	-4.24301	0.312649	0.683973	-7.8979	0.0132	-0.0279	-8.07395	3.15346
667	Landry, Carl	HOU	239.7167	441	439	466	448	105.669	102.05	3.61882	66	71	169	155	0.298643	0.704167	384.2833	702	701	723	760	102.992	108.416	-5.4251	118	120	260	257	0.3147	0.6842	3.61882	0.298643	0.704167	9.0439	-0.0161	0.02	1.31993	3.09914
668	Almond, Morris	UTA	0.0000	0	0	0	0	NULL	NULL	NULL	0	0	0	0	NULL	NULL	240.0000	471	471	487	533	103.397	113.163	-9.76645	93	71	157	168	0.356322	0.688596	NULL	NULL	NULL	NULL	NULL	NULL	NULL	NULL
669	Fesenko, Kyrylo	UTA	0.0000	0	0	0	0	NULL	NULL	NULL	0	0	0	0	NULL	NULL	240.0000	471	471	487	533	103.397	113.163	-9.76645	93	71	157	168	0.356322	0.688596	NULL	NULL	NULL	NULL	NULL	NULL	NULL	NULL
674	Scola, Luis	HOU	424.4333	773	768	822	824	106.339	107.292	-0.952727	120	127	290	276	0.30303	0.695444	199.5667	370	372	367	384	99.1892	103.226	-4.0366	64	64	139	136	0.32	0.6847	-0.952727	0.30303	0.695444	3.0839	-0.017	0.0107	0.570328	3.04586
675	Davis, Glen	BOS	509.5333	961	949	1051	993	109.365	104.636	4.72879	168	144	345	341	0.330059	0.705521	197.4667	384	396	379	437	98.6979	110.354	-11.6556	53	72	144	148	0.2637	0.6667	4.72879	0.330059	0.705521	16.3844	0.0664	0.0388	-2.74942	3.02912
676	Pruitt, Gabe	BOS	10.6667	22	21	18	25	81.8182	119.048	-37.2294	2	6	4	8	0.2	0.4	696.3333	1323	1324	1412	1405	106.727	106.118	0.6093	219	210	485	481	0.3129	0.6978	-37.2294	0.2	0.4	-37.8387	-0.1129	-0.2978	NULL	NULL
681	Young, Thaddeus	PHI	229.1500	419	423	414	456	98.8067	107.801	-8.99474	55	72	152	158	0.258216	0.678571	58.8500	113	108	117	121	103.54	112.037	-8.4972	19	14	37	37	0.3393	0.7255	-8.99474	0.258216	0.678571	-0.4975	-0.0811	-0.0469	5.76755	2.79453
682	Moon, Jamario	MIA	39.8000	74	75	72	77	97.2973	102.667	-5.36937	9	20	30	26	0.257143	0.6	296.2000	510	511	545	534	106.863	104.501	2.3618	78	90	193	176	0.3071	0.682	-5.36937	0.257143	0.6	-7.7312	-0.05	-0.082	2.98779	2.4847
684	Gardner, Thomas	ATL	18.7500	37	36	44	30	118.919	83.3333	35.5856	7	2	12	16	0.304348	0.857143	509.2500	881	878	880	972	99.8865	110.706	-10.8197	163	172	284	347	0.3196	0.6228	35.5856	0.304348	0.857143	46.4053	-0.0153	0.2343	NULL	NULL
685	Gray, Aaron	CHI	9.2167	18	16	29	12	161.111	75	86.1111	5	1	7	4	0.555556	0.875	361.7833	697	698	729	776	104.591	111.175	-6.5837	113	123	257	245	0.3156	0.6763	86.1111	0.555556	0.875	92.6948	0.24	0.1987	0.979937	3.85818
686	Noah, Joakim	CHI	271.0833	508	528	525	597	103.346	113.068	-9.72173	83	102	192	189	0.305147	0.653061	99.9167	207	186	233	191	112.56	102.688	9.8722	35	22	72	60	0.3684	0.766	-9.72173	0.305147	0.653061	-19.5939	-0.0633	-0.1129	3.58763	2.81487
689	Afflalo, Arron	DET	66.2500	115	111	123	121	106.957	109.009	-2.05249	22	17	41	44	0.333333	0.706897	125.7500	215	215	189	253	87.907	117.674	-29.7674	30	39	71	88	0.2542	0.6455	-2.05249	0.333333	0.706897	27.7149	0.0791	0.0614	-2.02168	3.27842
691	Stuckey, Rodney	DET	128.0500	220	220	201	250	91.3636	113.636	-22.2727	28	37	77	90	0.237288	0.675439	63.9500	110	106	111	124	100.909	116.981	-16.072	24	19	35	42	0.3636	0.6481	-22.2727	0.237288	0.675439	-6.2007	-0.1263	0.0273	-5.71508	2.93385
695	Horford, Al	ATL	252.0500	440	441	441	491	100.227	111.338	-11.1106	62	79	140	177	0.259414	0.639269	275.9500	478	473	483	511	101.046	108.034	-6.9878	108	95	156	186	0.3673	0.6215	-11.1106	0.259414	0.639269	-4.1228	-0.1079	0.0178	-5.58157	3.08106
696	Law, Acie	ATL	27.8167	53	53	50	56	94.3396	105.66	-11.3208	12	4	14	22	0.352941	0.777778	500.1833	865	861	874	946	101.04	109.872	-8.8318	158	170	282	341	0.3166	0.6239	-11.3208	0.352941	0.777778	-2.489	0.0363	0.1539	-4.0538	4.12889
697	West, Mario	ATL	46.2833	87	87	76	104	87.3563	119.54	-32.1839	27	6	22	34	0.442623	0.785714	481.7167	831	827	848	898	102.046	108.585	-6.5395	143	168	274	329	0.303	0.6199	-32.1839	0.442623	0.785714	-25.6444	0.1396	0.1658	NULL	NULL
700	Anthony, Joel	MIA	88.2500	149	151	157	130	105.369	86.0927	19.2764	19	31	63	56	0.253333	0.670213	247.7500	435	435	460	481	105.747	110.575	-4.8276	68	79	160	146	0.3178	0.6695	19.2764	0.253333	0.670213	24.104	-0.0645	0.0007	-8.55938	3.46858
701	Cook, Daequan	MIA	160.8167	282	289	285	302	101.064	104.498	-3.43444	45	61	109	102	0.306122	0.641176	175.1833	302	297	332	309	109.934	104.04	5.8934	42	49	114	100	0.2958	0.6994	-3.43444	0.306122	0.641176	-9.3278	0.0103	-0.0582	-2.52259	2.72775
702	Gortat, Marcin	ORL	270.5500	503	522	573	529	113.917	101.341	12.5755	85	71	192	170	0.333333	0.730038	896.4500	1659	1646	1754	1754	105.726	106.561	-0.835	266	282	597	617	0.3012	0.6792	12.5755	0.333333	0.730038	13.4105	0.0321	0.0508	-0.070304	4.11013
711	Wright, Julian	NOH	32.2333	62	63	48	75	77.4194	119.048	-41.6283	9	7	22	27	0.25	0.758621	207.7667	387	388	373	467	96.3824	120.361	-23.9784	51	60	127	143	0.2629	0.6791	-41.6283	0.25	0.758621	-17.6499	-0.0129	0.0795	-2.74363	3.64876
722	Smith, Jason	PHI	0.0000	0	0	0	0	NULL	NULL	NULL	0	0	0	0	NULL	NULL	288.0000	532	531	531	577	99.812	108.663	-8.85087	74	86	189	195	0.275093	0.687273	NULL	NULL	NULL	NULL	NULL	NULL	NULL	NULL
724	Williams, MarcusE	SAS	0.0000	0	0	0	0	NULL	NULL	NULL	0	0	0	0	NULL	NULL	240.0000	433	432	452	482	104.388	111.574	-7.18608	63	59	153	169	0.271552	0.721698	NULL	NULL	NULL	NULL	NULL	NULL	NULL	NULL
734	Fernandez, Rudy	POR	162.1000	296	300	296	318	100	106	-6	36	45	107	117	0.235294	0.703947	125.9000	207	205	227	237	109.662	115.61	-5.9479	31	33	70	79	0.2818	0.6796	-6	0.235294	0.703947	-0.0521	-0.0465	0.0243	4.46511	3.12222
735	Bayless, Jerryd	POR	11.4167	18	17	23	20	127.778	117.647	10.1307	6	4	6	6	0.5	0.6	276.5833	485	488	500	535	103.093	109.631	-6.5384	61	74	171	190	0.243	0.698	10.1307	0.5	0.6	16.6691	0.257	-0.098	-12.5933	4.64125
736	Batum, Nicolas	POR	63.0667	106	107	112	137	105.66	128.037	-22.377	14	19	34	43	0.245614	0.641509	224.9333	397	398	411	418	103.526	105.025	-1.4987	53	59	143	153	0.2573	0.7079	-22.377	0.245614	0.641509	-20.8783	-0.0117	-0.0664	0.820916	3.72869
747	Hunter, Othello	ATL	13.7667	28	28	35	24	125	85.7143	39.2857	6	4	10	12	0.333333	0.714286	514.2333	890	886	889	978	99.8876	110.384	-10.4961	164	170	286	351	0.3184	0.6272	39.2857	0.333333	0.714286	49.7818	0.0149	0.0871	NULL	NULL
748	Koufos, Kosta	UTA	0.0000	0	0	0	0	NULL	NULL	NULL	0	0	0	0	NULL	NULL	240.0000	471	471	487	533	103.397	113.163	-9.76645	93	71	157	168	0.356322	0.688596	NULL	NULL	NULL	NULL	NULL	NULL	-3.62901	4.76882
751	Giddens, J.R.	BOS	0.0000	0	0	0	0	NULL	NULL	NULL	0	0	0	0	NULL	NULL	707.0000	1345	1345	1430	1430	106.32	106.32	0	221	216	489	489	0.311268	0.693617	NULL	NULL	NULL	NULL	NULL	NULL	NULL	NULL
752	Walker, Bill	BOS	10.3000	21	20	18	23	85.7143	115	-29.2857	2	6	4	7	0.222222	0.4	696.7000	1324	1325	1412	1407	106.646	106.189	0.4578	219	210	485	482	0.3124	0.6978	-29.2857	0.222222	0.4	-29.7435	-0.0902	-0.2978	NULL	NULL
755	Rose, Derrick	CHI	314.1333	606	607	641	674	105.776	111.038	-5.26231	97	107	224	211	0.314935	0.676737	56.8667	109	107	117	114	107.339	106.542	0.7974	21	17	40	38	0.3559	0.7018	-5.26231	0.314935	0.676737	-6.0597	-0.041	-0.0251	-0.416751	2.81402
756	Hickson, J.J.	CLE	0.0000	0	0	0	0	NULL	NULL	NULL	0	0	0	0	NULL	NULL	677.0000	1204	1207	1366	1247	113.455	103.314	10.1411	240	196	463	410	0.369231	0.70258	NULL	NULL	NULL	NULL	NULL	NULL	-16.3757	4.35066
757	Jackson, Darnell	CLE	25.0333	47	47	43	58	91.4894	123.404	-31.9149	6	14	19	13	0.315789	0.575758	651.9667	1157	1160	1323	1189	114.348	102.5	11.8475	234	182	444	397	0.3708	0.7093	-31.9149	0.315789	0.575758	-43.7624	-0.055	-0.1335	NULL	NULL
758	Williams, Jawad	CLE	0.0000	0	0	0	0	NULL	NULL	NULL	0	0	0	0	NULL	NULL	677.0000	1204	1207	1366	1247	113.455	103.314	10.1411	240	196	463	410	0.369231	0.70258	NULL	NULL	NULL	NULL	NULL	NULL	NULL	NULL
759	Weems, Sonny	DEN	0.0000	0	0	0	0	NULL	NULL	NULL	0	0	0	0	NULL	NULL	720.0000	1390	1387	1633	1486	117.482	107.138	10.3443	231	226	485	477	0.326271	0.682138	NULL	NULL	NULL	NULL	NULL	NULL	NULL	NULL
760	Sharpe, Walter	DET	0.0000	0	0	0	0	NULL	NULL	NULL	0	0	0	0	NULL	NULL	192.0000	330	326	312	374	94.5455	114.724	-20.1785	52	56	112	132	0.282609	0.666667	NULL	NULL	NULL	NULL	NULL	NULL	NULL	NULL
761	Dorsey, Joey	HOU	0.0000	0	0	0	0	NULL	NULL	NULL	0	0	0	0	NULL	NULL	624.0000	1143	1140	1189	1208	104.024	105.965	-1.94042	184	191	429	412	0.308725	0.691935	NULL	NULL	NULL	NULL	NULL	NULL	NULL	NULL
767	Yue, Sun	LAL	0.0000	0	0	0	0	NULL	NULL	NULL	0	0	0	0	NULL	NULL	1066.0000	2032	2032	2252	2095	110.827	103.1	7.72638	364	373	736	718	0.336414	0.663661	NULL	NULL	NULL	NULL	NULL	NULL	NULL	NULL
772	Beasley, Michael	MIA	178.3667	316	314	315	331	99.6835	105.414	-5.73047	52	61	119	117	0.307692	0.661111	157.6333	268	272	302	280	112.687	102.941	9.7454	35	49	104	85	0.2917	0.6797	-5.73047	0.307692	0.661111	-15.4759	0.016	-0.0186	-7.89951	2.95146
773	Chalmers, Mario	MIA	230.8167	394	396	424	423	107.614	106.818	0.796031	58	64	148	133	0.303665	0.698113	105.1833	190	190	193	188	101.579	98.9474	2.6316	29	46	75	69	0.2959	0.6198	0.796031	0.303665	0.698113	-1.8356	0.0078	0.0783	-3.15887	3.37516
788	Lee, Courtney	ORL	549.5500	1021	1033	1114	1090	109.109	105.518	3.59081	161	178	365	369	0.303774	0.672192	617.4500	1141	1135	1213	1193	106.31	105.11	1.2001	190	175	424	418	0.3125	0.7078	3.59081	0.303774	0.672192	2.3907	-0.0087	-0.0356	-0.905427	2.74962
789	Speights, Marreese	PHI	29.1167	54	55	50	71	92.5926	129.091	-36.4983	10	12	13	21	0.322581	0.52	258.8833	478	476	481	506	100.628	106.302	-5.6749	64	74	176	174	0.2689	0.704	-36.4983	0.322581	0.52	-30.8234	0.0537	-0.184	-7.21198	3.68944
793	Hill, George	SAS	76.1833	130	132	133	135	102.308	102.273	0.0349651	19	26	50	53	0.263889	0.657895	163.8167	303	300	319	347	105.281	115.667	-10.3861	44	33	103	116	0.275	0.7574	0.0349651	0.263889	0.657895	10.4211	-0.0111	-0.0995	-2.23178	3.51145
