PlayerID	PlayerTrueName	PlayerTeams	SimpleMin	SimplePossFor	SimplePossOpp	SimplePointsFor	SimplePointsOpp	SimpleOffRtg	SimpleDefRtg	SimpleOverallRtg	SimpleORebFor	SimpleORebOpp	SimpleDRebFor	SimpleDRebOpp	SimpleORebRate	SimpleDRebRate	WeightedMinOffCourt	WeightedPossForOffCourt	WeightedPossOppOffCourt	WeightedPointsForOffCourt	WeightedPointsOppOffCourt	WeightedOffRtgOffCourt	WeightedDefRtgOffCourt	WeightedOverallRtgOffCourt	WeightedORebForOffCourt	WeightedORebOppOffCourt	WeightedDRebForOffCourt	WeightedDRebOppOffCourt	WeightedORebRateOffCourt	WeightedDRebRateOffCourt	WeightedOverallRtgOnCourt	WeightedORebRateOnCourt	WeightedDRebRateOnCourt	WeightedOverallRtgOnCourtMinusOffCourt	WeightedORebRateOnCourtMinusOffCourt	WeightedDRebRateOnCourtMinusOffCourt	AdjustedPM	AdjustedPMStdErr
2	Thomas, Kurt	CHI	74.0167	141	137	142	155	100.709	113.139	-12.4295	36	23	50	44	0.45	0.684932	698.9833	1262	1260	1338	1257	106.022	99.7619	6.2603	275	207	471	449	0.3798	0.6947	-12.4295	0.45	0.684932	-18.6898	0.0702	-0.0098	-6.25256	3.47474
3	Dampier, Erick	MIA	0.0000	0	0	0	0	NULL	NULL	NULL	0	0	0	0	NULL	NULL	1018.0000	1828	1832	1948	1892	106.565	103.275	3.28944	320	327	690	642	0.33264	0.678466	NULL	NULL	NULL	NULL	NULL	NULL	-8.13674	3.551
4	Marion, Shawn	DAL	690.4167	1251	1260	1368	1301	109.353	103.254	6.09855	205	236	449	427	0.324367	0.655474	322.5833	590	590	695	641	117.797	108.644	9.1525	91	98	196	212	0.3003	0.6667	6.09855	0.324367	0.655474	-3.054	0.0241	-0.0112	-5.83858	2.58855
5	Nowitzki, Dirk	DAL	826.0000	1506	1492	1723	1553	114.409	104.088	10.3206	240	261	541	514	0.318302	0.674564	187.0000	335	358	340	389	101.493	108.659	-7.1667	56	73	104	125	0.3094	0.5876	10.3206	0.318302	0.674564	17.4873	0.0089	0.087	17.2019	2.65464
6	Terry, Jason	DAL	683.9667	1264	1255	1478	1330	116.93	105.976	10.9543	212	227	414	411	0.340289	0.645866	329.0333	577	595	585	612	101.386	102.857	-1.4707	84	107	231	228	0.2692	0.6834	10.9543	0.340289	0.645866	12.425	0.0711	-0.0375	1.44944	2.57329
10	Jones, James	MIA	271.9333	488	489	553	491	113.32	100.409	12.9107	86	84	191	165	0.342629	0.694545	746.0667	1340	1343	1395	1401	104.104	104.319	-0.2142	234	243	499	477	0.3291	0.6725	12.9107	0.342629	0.694545	13.1249	0.0135	0.022	-0.758016	2.65606
20	House, Eddie	MIA	47.7333	91	95	93	93	102.198	97.8947	4.30307	14	9	36	32	0.304348	0.8	970.2667	1737	1737	1855	1799	106.793	103.569	3.2239	306	318	654	610	0.3341	0.6728	4.30307	0.304348	0.8	1.0792	-0.0298	0.1272	-4.83187	3.11988
21	Martin, Kenyon	DEN	148.1667	294	299	294	322	100	107.692	-7.69231	46	62	107	119	0.278788	0.633136	91.8333	181	176	193	189	106.63	107.386	-0.7565	35	32	62	68	0.3398	0.6596	-7.69231	0.278788	0.633136	-6.9358	-0.061	-0.0265	-2.71362	2.92378
23	Camby, Marcus	POR	166.8500	289	292	290	306	100.346	104.795	-4.4485	47	55	107	106	0.30719	0.660494	121.1500	216	213	239	254	110.648	119.249	-8.6007	33	38	71	74	0.3084	0.6514	-4.4485	0.30719	0.660494	4.1522	-0.0012	0.0091	-0.397151	2.75921
24	Ginobili, Manu	SAS	174.3333	335	331	350	331	104.478	100	4.47761	51	54	123	118	0.301775	0.694915	118.6667	222	224	216	254	97.2973	113.393	-16.0956	41	33	76	86	0.3228	0.6972	4.47761	0.301775	0.694915	20.5732	-0.021	-0.0023	8.01964	2.77613
25	Anthony, Carmelo	NYK	155.5000	296	293	292	332	98.6487	113.311	-14.6619	69	61	85	111	0.383333	0.582192	36.5000	67	71	71	65	105.97	91.5493	14.4209	19	11	27	27	0.413	0.7105	-14.6619	0.383333	0.582192	-29.0828	-0.0297	-0.1283	0.825791	2.70263
26	Duncan, Tim	SAS	211.9833	400	397	406	424	101.5	106.801	-5.30101	64	66	141	138	0.316832	0.681159	81.0167	157	158	160	161	101.911	101.899	0.0121	28	21	58	66	0.2979	0.7342	-5.30101	0.316832	0.681159	-5.3131	0.0189	-0.053	4.00443	3.70277
30	Parker, Tony	SAS	221.1333	418	415	416	435	99.5215	104.819	-5.29775	63	66	153	151	0.294393	0.69863	71.8667	139	140	150	150	107.914	107.143	0.7708	29	21	46	53	0.3537	0.6866	-5.29775	0.294393	0.69863	-6.0685	-0.0593	0.012	-3.3131	3.26312
31	Miller, Andre	POR	193.5500	332	335	348	374	104.819	111.642	-6.82251	48	59	119	121	0.284024	0.668539	94.4500	173	170	181	186	104.624	109.412	-4.7875	32	34	59	59	0.3516	0.6344	-6.82251	0.284024	0.668539	-2.035	-0.0676	0.0341	3.36904	3.56746
34	Hilario, Nene	DEN	162.0333	321	325	324	352	100.935	108.308	-7.37311	51	60	119	132	0.278689	0.664804	77.9667	154	150	163	159	105.844	106	-0.1558	30	34	50	55	0.3529	0.5952	-7.37311	0.278689	0.664804	-7.2173	-0.0742	0.0696	5.30408	3.01235
40	Mohammed, Nazr	OKC	147.9167	286	286	305	279	106.643	97.5524	9.09091	42	58	108	103	0.289655	0.650602	693.0833	1325	1323	1437	1431	108.453	108.163	0.2896	262	253	481	431	0.3781	0.6553	9.09091	0.289655	0.650602	8.8013	-0.0884	-0.0047	-3.30269	2.86039
47	Ford, T.J.	IND	13.5167	26	25	28	21	107.692	84	23.6923	3	4	6	9	0.25	0.6	226.4833	427	429	423	467	99.0632	108.858	-9.7946	85	109	136	163	0.3427	0.5551	23.6923	0.25	0.6	33.4869	-0.0927	0.0449	-4.69618	4.92606
51	Magloire, Jamaal	MIA	17.8500	32	33	31	44	96.875	133.333	-36.4583	3	8	10	12	0.2	0.555556	1000.1500	1796	1799	1917	1848	106.737	102.724	4.0135	317	319	680	630	0.3347	0.6807	-36.4583	0.2	0.555556	-40.4718	-0.1347	-0.1251	NULL	NULL
52	Iguodala, Andre	PHI	181.9000	323	324	343	361	106.192	111.42	-5.2278	65	64	118	127	0.338542	0.648352	58.1000	107	105	90	109	84.1121	103.81	-19.6974	18	22	38	46	0.2813	0.6333	-5.2278	0.338542	0.648352	14.4696	0.0573	0.0151	-2.65048	3.11318
54	Korver, Kyle	CHI	275.6667	528	500	575	530	108.902	106	2.90152	99	75	174	172	0.365314	0.698795	497.3333	875	897	905	882	103.429	98.3278	5.1008	212	155	347	321	0.3977	0.6912	2.90152	0.365314	0.698795	-2.1993	-0.0324	0.0076	-0.723553	2.81635
63	Smith, J.R.	DEN	76.4667	153	149	161	171	105.229	114.765	-9.53634	32	32	45	55	0.367816	0.584416	163.5333	322	326	326	340	101.242	104.295	-3.0522	49	62	124	132	0.2707	0.6667	-9.53634	0.367816	0.584416	-6.4841	0.0971	-0.0823	1.57266	2.81371
67	Stojakovic, Peja	DAL	350.0833	642	640	741	699	115.421	109.219	6.20181	102	111	215	229	0.308157	0.659509	662.9167	1199	1210	1322	1243	110.258	102.727	7.5313	194	223	430	410	0.3212	0.6585	6.20181	0.308157	0.659509	-1.3295	-0.013	0.001	0.12239	2.84703
68	Bibby, Mike	MIA	414.8000	741	738	746	786	100.675	106.504	-5.8293	134	150	282	278	0.325243	0.652778	603.2000	1087	1094	1202	1106	110.58	101.097	9.4827	186	177	408	364	0.3382	0.6974	-5.8293	0.325243	0.652778	-15.312	-0.013	-0.0446	-8.49625	2.38265
69	West, David	NOH	0.0000	0	0	0	0	NULL	NULL	NULL	0	0	0	0	NULL	NULL	288.0000	517	514	536	579	103.675	112.646	-8.97087	79	102	167	187	0.296992	0.620818	NULL	NULL	NULL	NULL	NULL	NULL	-1.8069	3.01368
70	Paul, Chris	NOH	250.0667	449	448	479	506	106.682	112.946	-6.26491	70	83	144	158	0.307018	0.634361	37.9333	68	66	57	73	83.8235	110.606	-26.7825	9	19	23	29	0.2368	0.5476	-6.26491	0.307018	0.634361	20.5176	0.0702	0.0868	11.0608	3.56997
73	Andersen, Chris	DEN	73.0333	141	141	153	151	108.511	107.092	1.41844	27	31	46	48	0.36	0.597403	166.9667	334	334	334	360	100	107.784	-7.7844	54	63	123	139	0.2798	0.6613	1.41844	0.36	0.597403	9.2028	0.0802	-0.0639	-0.424678	3.44122
76	Butler, Rasual	CHI	6.6167	12	11	12	10	100	90.9091	9.09091	2	2	3	5	0.285714	0.6	766.3833	1391	1386	1468	1402	105.536	101.154	4.3812	309	228	518	488	0.3877	0.6944	9.09091	0.285714	0.6	4.7097	-0.102	-0.0944	-7.52392	3.27948
83	Bass, Brandon	ORL	139.1833	251	265	231	250	92.0319	94.3396	-2.30775	41	45	99	107	0.277027	0.6875	148.8167	268	253	301	271	112.313	107.115	5.1988	70	55	99	83	0.4575	0.6429	-2.30775	0.277027	0.6875	-7.5066	-0.1805	0.0446	-1.14508	2.82344
86	Johnson, Joe	ATL	496.6167	875	873	885	942	101.143	107.904	-6.76092	157	174	314	337	0.317814	0.643443	79.3833	151	156	150	146	99.3377	93.5897	5.748	30	34	54	55	0.3529	0.6136	-6.76092	0.317814	0.643443	-12.5089	-0.0351	0.0298	1.03325	3.14582
88	Pachulia, Zaza	ATL	194.7500	335	336	349	351	104.179	104.464	-0.285181	76	78	122	115	0.397906	0.61	381.2500	691	693	686	737	99.2764	106.349	-7.0728	111	130	246	277	0.2861	0.6543	-0.285181	0.397906	0.61	6.7876	0.1118	-0.0443	-3.41891	3.07501
89	Murphy, Troy	BOS	3.0500	7	6	4	8	57.1429	133.333	-76.1905	1	1	3	3	0.25	0.75	433.9500	802	798	848	832	105.736	104.261	1.475	123	167	287	273	0.3106	0.6322	-76.1905	0.25	0.75	-77.6655	-0.0606	0.1178	-9.60507	3.61042
90	Richardson, Jason	ORL	153.3667	269	269	261	263	97.026	97.7695	-0.743494	55	58	111	104	0.345912	0.656805	134.6333	250	249	271	258	108.4	103.615	4.7855	56	42	87	86	0.3944	0.6744	-0.743494	0.345912	0.656805	-5.529	-0.0485	-0.0176	-4.26988	2.61047
92	Dunleavy, Mike	IND	71.8333	140	133	155	131	110.714	98.4962	12.218	30	32	37	50	0.375	0.536232	168.1667	313	321	296	357	94.5687	111.215	-16.6463	58	81	105	122	0.3222	0.5645	12.218	0.375	0.536232	28.8643	0.0528	-0.0283	3.32018	3.14742
94	Smith, Josh	ATL	438.0167	777	777	776	804	99.8713	103.475	-3.6036	140	154	288	302	0.316742	0.651584	137.9833	249	252	259	284	104.016	112.698	-8.6823	47	54	80	90	0.3431	0.597	-3.6036	0.316742	0.651584	5.0787	-0.0264	0.0546	5.0946	2.87317
95	Harrington, Al	DEN	69.6833	137	136	142	148	103.65	108.824	-5.17389	30	26	48	52	0.365854	0.648649	170.3167	338	339	345	363	102.071	107.08	-5.0086	51	68	121	135	0.2742	0.6402	-5.17389	0.365854	0.648649	-0.1653	0.0917	0.0084	-2.39985	2.70665
97	Williams, Marvin	ATL	215.9833	396	397	399	428	100.758	107.809	-7.05099	71	65	133	158	0.310044	0.671717	360.0167	630	632	636	660	100.952	104.43	-3.478	116	143	235	234	0.3314	0.6217	-7.05099	0.310044	0.671717	-3.573	-0.0214	0.05	-3.15	2.44748
103	Fisher, Derek	LAL	325.5333	600	596	645	646	107.5	108.389	-0.889262	107	81	205	210	0.337539	0.716783	154.4667	270	275	287	299	106.296	108.727	-2.431	62	42	102	98	0.3875	0.7083	-0.889262	0.337539	0.716783	1.5417	-0.05	0.0085	-1.68929	4.46682
109	Ivey, Royal	OKC	6.1167	13	14	17	21	130.769	150	-19.2308	0	4	3	5	0	0.428571	834.8833	1598	1595	1725	1689	107.947	105.893	2.054	304	307	586	529	0.3649	0.6562	-19.2308	0	0.428571	-21.2848	-0.3649	-0.2276	NULL	NULL
110	Hinrich, Kirk	ATL	173.3167	313	315	312	310	99.6805	98.4127	1.26781	62	70	120	123	0.335135	0.631579	402.6833	713	714	723	778	101.402	108.964	-7.5611	125	138	248	269	0.3173	0.6425	1.26781	0.335135	0.631579	8.8289	0.0178	-0.0109	-10.3314	2.29954
111	Wallace, Gerald	POR	225.5667	399	394	422	426	105.764	108.122	-2.35742	62	71	147	141	0.305419	0.674312	62.4333	106	111	107	134	100.943	120.721	-19.7773	18	22	31	39	0.3158	0.5849	-2.35742	0.305419	0.674312	17.4199	-0.0104	0.0894	6.78289	2.37147
112	Nocioni, Andres	PHI	10.3833	17	19	13	20	76.4706	105.263	-28.7926	3	7	3	9	0.25	0.3	229.6167	413	410	420	450	101.695	109.756	-8.0612	80	79	153	164	0.3279	0.6595	-28.7926	0.25	0.3	-20.7314	-0.0779	-0.3595	-10.3701	3.16085
113	Duhon, Chris	ORL	3.9000	8	8	10	10	125	125	0	2	2	2	3	0.4	0.5	284.1000	511	510	522	511	102.153	100.196	1.9566	109	98	196	187	0.3682	0.6667	0	0.4	0.5	-1.9566	0.0318	-0.1667	-5.3645	3.50216
117	Okafor, Emeka	NOH	187.7000	331	336	332	371	100.302	110.417	-10.1146	50	69	107	125	0.285714	0.607955	100.3000	186	178	204	208	109.677	116.854	-7.1765	29	33	60	62	0.3187	0.6452	-10.1146	0.285714	0.607955	-2.9381	-0.033	-0.0372	1.20924	3.16119
118	Chandler, Tyson	DAL	679.9333	1230	1231	1350	1253	109.756	101.787	7.96893	199	220	442	428	0.317384	0.667674	333.0667	611	619	713	689	116.694	111.309	5.3854	97	114	203	211	0.3149	0.6404	7.96893	0.317384	0.667674	2.5835	0.0025	0.0273	4.15713	3.04369
121	Songaila, Darius	PHI	0.0000	0	0	0	0	NULL	NULL	NULL	0	0	0	0	NULL	NULL	240.0000	430	429	433	470	100.698	109.557	-8.85944	83	86	156	173	0.324219	0.644628	NULL	NULL	NULL	NULL	NULL	NULL	NULL	NULL
122	Deng, Luol	CHI	686.8500	1249	1241	1338	1244	107.126	100.242	6.88396	278	203	466	438	0.388268	0.696562	86.1500	154	156	142	168	92.2078	107.692	-15.4845	33	27	55	55	0.375	0.6707	6.88396	0.388268	0.696562	22.3685	0.0133	0.0259	4.58921	3.5354
123	Ely, Melvin	DEN	0.0000	0	0	0	0	NULL	NULL	NULL	0	0	0	0	NULL	NULL	240.0000	475	475	487	511	102.526	107.579	-5.05263	81	94	169	187	0.302239	0.642586	NULL	NULL	NULL	NULL	NULL	NULL	NULL	NULL
126	Felton, Raymond	DEN	151.8500	303	303	319	346	105.281	114.191	-8.91089	55	64	96	114	0.325444	0.6	88.1500	172	172	168	165	97.6744	95.9302	1.7442	26	30	73	73	0.2626	0.7087	-8.91089	0.325444	0.6	-10.6551	0.0628	-0.1087	-1.78174	2.549
130	Allen, Malik	ORL	7.3000	14	15	11	18	78.5714	120	-41.4286	3	2	5	8	0.272727	0.714286	280.7000	505	503	521	503	103.168	100	3.1683	108	98	193	182	0.3724	0.6632	-41.4286	0.272727	0.714286	-44.5969	-0.0997	0.0511	NULL	NULL
143	O'Neal, Jermaine	BOS	197.1667	362	369	410	348	113.26	94.3089	18.9507	56	78	145	123	0.312849	0.650224	239.8333	447	435	442	492	98.8814	113.103	-14.222	68	90	145	153	0.3077	0.617	18.9507	0.312849	0.650224	33.1727	0.0051	0.0332	4.29769	3.30677
144	Battie, Tony	PHI	37.7333	67	69	56	71	83.5821	102.899	-19.3165	10	14	31	31	0.243902	0.688889	202.2667	363	360	377	399	103.857	110.833	-6.9766	73	72	125	142	0.3395	0.6345	-19.3165	0.243902	0.688889	-12.3399	-0.0956	0.0544	NULL	NULL
145	Artest, Ron	LAL	286.7167	526	525	574	567	109.125	108	1.12548	92	76	184	189	0.327402	0.707692	193.2833	344	346	358	378	104.07	109.249	-5.1788	77	47	123	119	0.3929	0.7235	1.12548	0.327402	0.707692	6.3043	-0.0655	-0.0158	-0.997018	3.36128
148	Stevenson, DeShawn	DAL	332.3000	589	612	572	640	97.1138	104.575	-7.46141	87	91	216	238	0.267692	0.703583	680.7000	1252	1238	1491	1302	119.09	105.17	13.9198	209	243	429	401	0.3426	0.6384	-7.46141	0.267692	0.703583	-21.3812	-0.0749	0.0652	-11.9971	2.82322
149	Howard, Dwight	ORL	257.6833	456	449	469	454	102.851	101.114	1.73729	101	95	175	166	0.378277	0.648148	30.3167	63	69	63	67	100	97.1014	2.8986	10	5	23	24	0.2941	0.8214	1.73729	0.378277	0.648148	-1.1613	0.0842	-0.1733	8.13598	3.24268
151	Turkoglu, Hedo	ORL	209.1667	373	372	363	355	97.319	95.4301	1.88893	87	77	143	143	0.378261	0.65	78.8333	146	146	169	166	115.753	113.699	2.0548	24	23	55	47	0.338	0.7051	1.88893	0.378261	0.65	-0.1659	0.0403	-0.0551	-1.5485	2.46237
155	Granger, Danny	IND	183.4167	350	351	334	392	95.4286	111.681	-16.2523	65	89	111	135	0.325	0.555	56.5833	103	103	117	96	113.592	93.2039	20.3883	23	24	31	37	0.3833	0.5636	-16.2523	0.325	0.555	-36.6406	-0.0583	-0.0086	-1.95887	3.21458
158	Nelson, Jameer	ORL	216.4167	390	389	395	370	101.282	95.1157	6.16637	90	78	151	149	0.376569	0.659389	71.5833	129	129	137	151	106.202	117.054	-10.8527	21	22	47	41	0.3387	0.6812	6.16637	0.376569	0.659389	17.0191	0.0379	-0.0218	0.263821	3.42679
166	Allen, Ray	BOS	361.3000	665	662	729	675	109.624	101.964	7.66031	100	142	246	224	0.308642	0.634021	75.7000	144	142	123	165	85.4167	116.197	-30.7805	24	26	44	52	0.3158	0.6286	7.66031	0.308642	0.634021	38.4408	-0.0072	0.0054	0.676841	3.22472
167	Brand, Elton	PHI	185.1500	328	326	355	358	108.232	109.816	-1.58424	67	61	120	127	0.345361	0.662983	54.8500	102	103	78	112	76.4706	108.738	-32.2673	16	25	36	46	0.2581	0.5902	-1.58424	0.345361	0.662983	30.6831	0.0873	0.0728	4.09136	3.27495
172	Collison, Nick	OKC	413.1333	782	786	899	820	114.962	104.326	10.6359	153	168	291	240	0.389313	0.633987	427.8667	829	823	843	890	101.689	108.141	-6.4522	151	143	298	294	0.3393	0.6757	10.6359	0.389313	0.633987	17.0881	0.05	-0.0417	8.72066	2.86819
176	Wilkins, Damien	ATL	38.5167	69	70	71	62	102.899	88.5714	14.3271	19	20	28	23	0.452381	0.583333	537.4833	957	959	964	1026	100.731	106.986	-6.255	168	188	340	369	0.3128	0.6439	14.3271	0.452381	0.583333	20.5821	0.1396	-0.0606	-3.61382	3.40858
186	Bryant, Kobe	LAL	354.3833	647	646	707	703	109.274	108.824	0.450041	115	92	224	226	0.337243	0.708861	125.6167	223	225	225	242	100.897	107.556	-6.6587	54	31	83	82	0.3971	0.7281	0.450041	0.337243	0.708861	7.1087	-0.0599	-0.0192	-4.09487	3.89702
187	Odom, Lamar	LAL	285.8833	520	513	559	562	107.5	109.552	-2.05166	109	77	183	179	0.378472	0.703846	194.1167	350	358	373	383	106.571	106.983	-0.4118	60	46	124	129	0.3175	0.7294	-2.05166	0.378472	0.703846	-1.6399	0.061	-0.0256	3.3288	2.84932
194	Bynum, Andrew	LAL	319.7333	572	574	590	620	103.147	108.014	-4.86708	110	83	207	207	0.347003	0.713793	160.2667	298	297	342	325	114.765	109.428	5.3375	59	40	100	101	0.3688	0.7143	-4.86708	0.347003	0.713793	-10.2046	-0.0218	-0.0005	2.37064	3.05537
196	Williams, Jason	MEM	0.0000	0	0	0	0	NULL	NULL	NULL	0	0	0	0	NULL	NULL	649.0000	1225	1226	1282	1291	104.653	105.302	-0.648733	249	214	424	440	0.361393	0.664577	NULL	NULL	NULL	NULL	NULL	NULL	2.76067	4.38402
197	Gasol, Pau	LAL	357.9333	649	653	717	703	110.478	107.657	2.82069	116	90	222	226	0.339181	0.711538	122.0667	221	218	215	242	97.2851	111.009	-13.7241	53	33	85	82	0.3926	0.7203	2.82069	0.339181	0.711538	16.5448	-0.0534	-0.0088	7.62794	3.51051
198	Battier, Shane	MEM	339.2500	652	646	692	677	106.135	104.799	1.33621	131	111	227	232	0.360882	0.671598	309.7500	573	580	590	614	102.967	105.862	-2.8952	118	103	197	208	0.362	0.6567	1.33621	0.360882	0.671598	4.2314	-0.0011	0.0149	2.21994	2.64604
201	Haslem, Udonis	MIA	290.0167	524	532	558	547	106.489	102.82	3.669	79	93	199	173	0.313492	0.681507	727.9833	1304	1300	1390	1345	106.595	103.462	3.1336	241	234	491	469	0.3394	0.6772	3.669	0.313492	0.681507	0.5354	-0.0259	0.0043	-2.89156	3.17041
203	O'Neal, Shaquille	BOS	12.0167	21	21	23	23	109.524	109.524	0	3	3	5	4	0.428571	0.625	424.9833	788	783	829	817	105.203	104.342	0.8608	121	165	285	272	0.3079	0.6333	0	0.428571	0.625	-0.8608	0.1207	-0.0083	3.30355	3.35719
204	Wade, Dwyane	MIA	827.8333	1501	1496	1592	1545	106.063	103.275	2.78722	265	273	560	536	0.330836	0.672269	190.1667	327	336	356	347	108.868	103.274	5.5947	55	54	130	106	0.3416	0.7065	2.78722	0.330836	0.672269	-2.8075	-0.0108	-0.0342	5.3415	2.79074
209	Miller, Mike	MIA	214.9000	386	388	412	373	106.736	96.134	10.6017	61	61	153	123	0.331522	0.714953	803.1000	1442	1444	1536	1519	106.519	105.194	1.3248	259	266	537	519	0.3329	0.6687	10.6017	0.331522	0.714953	9.2769	-0.0014	0.0463	-3.95292	2.79659
211	Kapono, Jason	PHI	0.0000	0	0	0	0	NULL	NULL	NULL	0	0	0	0	NULL	NULL	240.0000	430	429	433	470	100.698	109.557	-8.85944	83	86	156	173	0.324219	0.644628	NULL	NULL	NULL	NULL	NULL	NULL	NULL	NULL
212	Jones, Dahntay	IND	49.5667	92	93	91	108	98.913	116.129	-17.216	23	24	30	32	0.418182	0.555556	190.4333	361	361	360	380	99.723	105.263	-5.5402	65	89	112	140	0.3171	0.5572	-17.216	0.418182	0.555556	-11.6758	0.1011	-0.0016	-5.26842	3.73058
215	Barron, Earl	POR	0.3000	0	0	0	0	NULL	NULL	NULL	0	0	0	0	NULL	NULL	287.7000	505	505	529	560	104.753	110.891	-6.1386	80	93	178	180	0.3077	0.6568	NULL	NULL	NULL	NULL	NULL	NULL	NULL	NULL
220	Krstic, Nenad	BOS	55.9500	101	103	93	115	92.0792	111.65	-19.5713	15	22	36	36	0.294118	0.62069	381.0500	708	701	759	725	107.203	103.424	3.7797	109	146	254	240	0.3123	0.635	-19.5713	0.294118	0.62069	-23.351	-0.0182	-0.0143	-3.40986	2.94662
221	Jefferson, Richard	SAS	176.3500	335	335	319	340	95.2239	101.493	-6.26866	51	53	130	122	0.294798	0.710383	116.6500	222	220	247	245	111.261	111.364	-0.1024	41	34	69	82	0.3333	0.6699	-6.26866	0.294798	0.710383	-6.1663	-0.0385	0.0405	-2.50665	2.97103
222	Kidd, Jason	DAL	744.4167	1352	1355	1503	1368	111.169	100.959	10.2092	223	248	492	463	0.325073	0.664865	268.5833	489	495	560	574	114.519	115.96	-1.4402	73	86	153	176	0.2932	0.6402	10.2092	0.325073	0.664865	11.6494	0.0319	0.0247	-0.397919	3.25879
223	Collins, Jason	ATL	158.2167	278	284	256	276	92.0863	97.1831	-5.09677	48	60	106	108	0.307692	0.638554	417.7833	748	745	779	812	104.144	108.993	-4.8489	139	148	262	284	0.3286	0.639	-5.09677	0.307692	0.638554	-0.2479	-0.0209	-0.0004	5.23586	3.64358
237	Richardson, Quentin	ORL	98.4333	180	183	194	198	107.778	108.197	-0.418944	28	31	64	62	0.311111	0.673684	189.5667	339	335	338	323	99.705	96.4179	3.2871	83	69	134	128	0.3934	0.6601	-0.418944	0.311111	0.673684	-3.706	-0.0823	0.0136	-6.63311	2.95017
239	West, Delonte	BOS	170.0500	315	300	281	344	89.2064	114.667	-25.4603	43	57	102	121	0.262195	0.641509	266.9500	494	504	571	496	115.587	98.4127	17.1743	81	111	188	155	0.3432	0.6288	-25.4603	0.262195	0.641509	-42.6346	-0.081	0.0127	-12.2658	3.3623
240	Pierce, Paul	BOS	343.4333	642	639	681	672	106.075	105.164	0.910447	93	131	226	223	0.294304	0.633053	93.5667	167	165	171	168	102.395	101.818	0.577	31	37	64	53	0.369	0.6337	0.910447	0.294304	0.633053	0.3334	-0.0747	-0.0006	1.66181	3.25793
241	Barnes, Matt	LAL	131.0000	234	237	237	245	101.282	103.376	-2.09348	58	34	86	81	0.417266	0.716667	349.0000	636	634	695	700	109.277	110.41	-1.1334	111	89	221	227	0.3284	0.7129	-2.09348	0.417266	0.716667	-0.9601	0.0889	0.0038	-3.46986	2.9426
245	Ariza, Trevor	NOH	240.9667	430	431	448	487	104.186	112.993	-8.80699	67	82	139	155	0.301802	0.628959	47.0333	87	83	88	92	101.149	110.843	-9.6939	12	20	28	32	0.2727	0.5833	-8.80699	0.301802	0.628959	0.8869	0.0291	0.0457	-8.07574	2.78369
249	Crawford, Jamal	ATL	357.9833	649	646	658	710	101.387	109.907	-8.52037	117	143	213	249	0.319672	0.598315	218.0167	377	383	377	378	100	98.6945	1.3055	70	65	155	143	0.3286	0.7045	-8.52037	0.319672	0.598315	-9.8259	-0.0089	-0.1062	-1.76665	2.57825
252	Scalabrine, Brian	CHI	0.0000	0	0	0	0	NULL	NULL	NULL	0	0	0	0	NULL	NULL	773.0000	1403	1397	1480	1412	105.488	101.074	4.41451	311	230	521	493	0.386816	0.693742	NULL	NULL	NULL	NULL	NULL	NULL	NULL	NULL
253	Perkins, Kendrick	OKC	478.7000	907	906	937	973	103.308	107.395	-4.08754	170	168	331	319	0.347648	0.663327	362.3000	704	703	805	737	114.347	104.836	9.5102	134	143	258	215	0.384	0.6434	-4.08754	0.347648	0.663327	-13.5977	-0.0364	0.0199	-3.42395	2.72689
254	Robinson, Nate	OKC	11.8000	24	25	31	35	129.167	140	-10.8333	1	6	7	8	0.111111	0.538462	829.2000	1587	1584	1711	1675	107.813	105.745	2.0685	303	305	582	526	0.3655	0.6561	-10.8333	0.111111	0.538462	-12.9018	-0.2544	-0.1176	-7.42933	3.49142
258	Ilgauskas, Zydrunas	MIA	103.5500	190	189	168	233	88.4211	123.28	-34.8594	41	23	66	77	0.347458	0.741573	914.4500	1638	1643	1780	1659	108.669	100.974	7.6953	279	304	624	565	0.3306	0.6724	-34.8594	0.347458	0.741573	-42.5547	0.0169	0.0692	-10.6615	3.24608
260	James, LeBron	MIA	921.6167	1651	1653	1767	1738	107.026	105.142	1.88388	289	301	613	590	0.328783	0.670678	96.3833	177	179	181	154	102.26	86.0335	16.2264	31	26	77	52	0.3735	0.7476	1.88388	0.328783	0.670678	-14.3425	-0.0447	-0.0769	9.09946	2.44107
265	Pavlovic, Sasha	BOS	0.0000	0	0	0	0	NULL	NULL	NULL	0	0	0	0	NULL	NULL	437.0000	809	804	852	840	105.315	104.478	0.837592	124	168	290	276	0.31	0.633188	NULL	NULL	NULL	NULL	NULL	NULL	NULL	NULL
271	Billups, Chauncey	NYK	34.5167	60	61	64	63	106.667	103.279	3.38798	12	19	19	19	0.387097	0.5	157.4833	303	303	299	334	98.6799	110.231	-11.5512	76	53	93	119	0.3897	0.637	3.38798	0.387097	0.5	14.9392	-0.0026	-0.137	-2.32207	3.10969
275	McDyess, Antonio	SAS	145.4000	273	267	265	271	97.0696	101.498	-4.42853	43	41	99	95	0.311594	0.707143	147.6000	284	288	301	314	105.986	109.028	-3.0419	49	46	100	109	0.3101	0.6849	-4.42853	0.311594	0.707143	-1.3866	0.0015	0.0222	-2.13737	3.29484
277	Arroyo, Carlos	BOS	0.0000	0	0	0	0	NULL	NULL	NULL	0	0	0	0	NULL	NULL	437.0000	809	804	852	840	105.315	104.478	0.837592	124	168	290	276	0.31	0.633188	NULL	NULL	NULL	NULL	NULL	NULL	-7.4532	3.16776
281	Williams, Louis	PHI	129.6500	231	230	224	266	96.9697	115.652	-18.6825	50	48	78	93	0.34965	0.619048	110.3500	199	199	209	204	105.025	102.513	2.5126	33	38	78	80	0.292	0.6724	-18.6825	0.34965	0.619048	-21.1951	0.0577	-0.0534	-4.89955	3.04033
285	Garnett, Kevin	BOS	327.7000	605	603	666	622	110.083	103.151	6.93173	94	122	215	207	0.312292	0.637982	109.3000	204	201	186	218	91.1765	108.458	-17.2812	30	46	75	69	0.303	0.6198	6.93173	0.312292	0.637982	24.2129	0.0093	0.0182	7.84188	3.61703
287	Randolph, Zach	MEM	515.5000	961	959	1022	1014	106.348	105.735	0.612414	205	165	336	337	0.378229	0.670659	133.5000	264	267	260	277	98.4848	103.745	-5.2605	44	49	88	103	0.2993	0.6423	0.612414	0.378229	0.670659	5.8729	0.0789	0.0284	0.88644	3.16934
296	Jack, Jarrett	NOH	111.3000	195	195	201	214	103.077	109.744	-6.66667	30	42	72	76	0.283019	0.631579	176.7000	322	319	335	365	104.037	114.42	-10.3828	49	60	95	111	0.3063	0.6129	-6.66667	0.283019	0.631579	3.7161	-0.0233	0.0187	-3.88471	2.76598
297	Ratliff, Theo	LAL	0.9000	2	2	5	3	250	150	100	0	0	1	0	NULL	1	479.1000	868	869	927	942	106.797	108.4	-1.6032	169	123	306	308	0.3543	0.7133	100	NULL	1	101.603	NULL	0.2867	NULL	NULL
298	Carter, Anthony	NYK	48.7667	93	93	90	80	96.7742	86.0215	10.7527	21	16	29	36	0.368421	0.644444	143.2333	270	271	273	317	101.111	116.974	-15.8631	67	56	83	102	0.3964	0.5971	10.7527	0.368421	0.644444	26.6158	-0.028	0.0473	-6.65863	3.97252
304	Howard, Juwan	MIA	60.0833	106	112	123	129	116.038	115.179	0.859164	24	11	34	32	0.428571	0.755556	957.9167	1722	1720	1825	1763	105.981	102.5	3.4814	296	316	656	610	0.3267	0.6749	0.859164	0.428571	0.755556	-2.6222	0.1019	0.0807	-6.14481	3.49097
313	Arenas, Gilbert	ORL	81.0500	146	147	161	162	110.274	110.204	0.069891	30	27	54	45	0.4	0.666667	206.9500	373	371	371	359	99.4638	96.7655	2.6983	81	73	144	145	0.3584	0.6636	0.069891	0.4	0.666667	-2.6284	0.0416	0.0031	-3.3891	2.67824
315	Jeffries, Jared	NYK	84.6333	157	156	160	169	101.911	108.333	-6.42251	47	28	48	57	0.451923	0.631579	107.3667	206	208	203	228	98.5437	109.615	-11.0717	41	44	64	81	0.3361	0.5926	-6.42251	0.451923	0.631579	4.6492	0.1158	0.039	4.50241	3.29685
319	Bosh, Chris	MIA	834.1667	1496	1492	1575	1506	105.281	100.938	4.34241	261	258	570	526	0.331639	0.688406	183.8333	332	340	373	386	112.349	113.529	-1.18	59	69	120	116	0.3371	0.6349	4.34241	0.331639	0.688406	5.5224	-0.0055	0.0535	5.03	2.65446
321	Daniels, Antonio	PHI	0.0000	0	0	0	0	NULL	NULL	NULL	0	0	0	0	NULL	NULL	240.0000	430	429	433	470	100.698	109.557	-8.85944	83	86	156	173	0.324219	0.644628	NULL	NULL	NULL	NULL	NULL	NULL	NULL	NULL
322	Haywood, Brendan	DAL	274.4667	494	505	598	562	121.053	111.287	9.7655	79	94	172	167	0.321138	0.646617	738.5333	1347	1345	1465	1380	108.76	102.602	6.158	217	240	473	472	0.3149	0.6634	9.7655	0.321138	0.646617	3.6075	0.0062	-0.0168	-1.58982	3.05909
323	Thomas, Etan	ATL	6.6000	13	13	15	19	115.385	146.154	-30.7692	5	2	1	3	0.625	0.333333	569.4000	1013	1016	1020	1069	100.691	105.216	-4.5255	182	206	367	389	0.3187	0.6405	-30.7692	0.625	0.333333	-26.2437	0.3063	-0.3072	NULL	NULL
324	Butler, Caron	DAL	0.0000	0	0	0	0	NULL	NULL	NULL	0	0	0	0	NULL	NULL	1013.0000	1841	1850	2063	1942	112.059	104.973	7.08569	296	334	645	639	0.316578	0.658836	NULL	NULL	NULL	NULL	NULL	NULL	-2.95546	3.06673
330	Bonner, Matt	SAS	122.5167	234	234	248	260	105.983	111.111	-5.12821	44	41	81	93	0.321168	0.663934	170.4833	323	321	318	325	98.452	101.246	-2.7941	48	46	118	111	0.3019	0.7195	-5.12821	0.321168	0.663934	-2.3341	0.0193	-0.0556	1.12574	3.22328
355	Blake, Steve	LAL	145.3667	254	258	272	274	107.087	106.202	0.885064	60	40	97	90	0.4	0.708029	334.6333	616	613	660	671	107.143	109.462	-2.3188	109	83	210	218	0.3333	0.7167	0.885064	0.4	0.708029	3.2039	0.0667	-0.0087	-1.03525	3.39032
366	Bogans, Keith	CHI	307.2667	549	557	573	548	104.372	98.3842	5.98738	125	88	214	208	0.375375	0.708609	465.7333	854	840	907	864	106.206	102.857	3.3489	186	142	307	285	0.3949	0.6837	5.98738	0.375375	0.708609	2.6385	-0.0195	0.0249	-3.55401	3.07589
383	Smith, Joe	LAL	10.7833	19	22	21	27	110.526	122.727	-12.201	3	2	7	9	0.25	0.777778	469.2167	851	849	911	918	107.05	108.127	-1.0767	166	121	300	299	0.357	0.7126	-12.201	0.25	0.777778	-11.1243	-0.107	0.0652	NULL	NULL
401	Posey, James	IND	0.0000	0	0	0	0	NULL	NULL	NULL	0	0	0	0	NULL	NULL	240.0000	453	454	451	488	99.5585	107.489	-7.93049	88	113	142	172	0.338462	0.556863	NULL	NULL	NULL	NULL	NULL	NULL	-4.72974	3.67892
430	Powell, Josh	ATL	47.6333	90	88	99	91	110	103.409	6.59091	16	18	36	32	0.333333	0.666667	528.3667	936	941	936	997	100	105.951	-5.9511	171	190	332	360	0.322	0.636	6.59091	0.333333	0.666667	12.542	0.0113	0.0307	-4.54585	3.77653
439	Mbenga, DJ	NOH	25.9000	45	44	52	55	115.556	125	-9.44444	11	8	15	14	0.44	0.652174	262.1000	472	470	484	524	102.542	111.489	-8.947	68	94	152	173	0.2822	0.6179	-9.44444	0.44	0.652174	-0.4974	0.1578	0.0343	NULL	NULL
454	Wafer, Von	BOS	5.1333	10	10	8	11	80	110	-30	1	3	4	3	0.25	0.571429	431.8667	799	794	844	829	105.632	104.408	1.224	123	165	286	273	0.3106	0.6341	-30	0.25	0.571429	-31.224	-0.0606	-0.0627	NULL	NULL
459	Walton, Luke	LAL	4.3167	10	9	6	8	60	88.8889	-28.8889	3	0	4	5	0.375	1	475.6833	860	862	926	937	107.674	108.701	-1.0263	166	123	303	303	0.3539	0.7113	-28.8889	0.375	1	-27.8626	0.0211	0.2887	NULL	NULL
468	Foster, Jeff	IND	93.1333	169	170	188	175	111.243	102.941	8.30143	37	42	51	65	0.362745	0.548387	146.8667	284	284	263	313	92.6056	110.211	-17.6056	51	71	91	107	0.3228	0.5617	8.30143	0.362745	0.548387	25.907	0.0399	-0.0133	11.6385	4.52701
484	Cardinal, Brian	DAL	36.9000	68	74	81	74	119.118	100	19.1176	10	14	23	18	0.357143	0.621622	976.1000	1773	1776	1982	1868	111.788	105.18	6.6077	286	320	622	621	0.3153	0.6603	19.1176	0.357143	0.621622	12.5099	0.0418	-0.0387	1.58548	4.11777
498	Lucas, John	CHI	0.0000	0	0	0	0	NULL	NULL	NULL	0	0	0	0	NULL	NULL	773.0000	1403	1397	1480	1412	105.488	101.074	4.41451	311	230	521	493	0.386816	0.693742	NULL	NULL	NULL	NULL	NULL	NULL	NULL	NULL
501	Allen, Tony	MEM	349.9167	638	668	651	698	102.038	104.491	-2.4534	132	109	226	240	0.354839	0.674627	299.0833	587	558	631	593	107.496	106.272	1.2233	117	105	198	200	0.3691	0.6535	-2.4534	0.354839	0.674627	-3.6767	-0.0143	0.0211	-1.05627	2.73352
516	Turiaf, Ronny	NYK	74.6833	141	142	136	166	96.4539	116.901	-20.4475	32	35	44	55	0.367816	0.556962	117.3167	222	222	227	231	102.252	104.054	-1.8018	56	37	68	83	0.4029	0.6476	-20.4475	0.367816	0.556962	-18.6457	-0.0351	-0.0906	-1.91128	2.91339
518	Boozer, Carlos	CHI	507.2833	932	908	1001	936	107.403	103.084	4.31973	207	145	334	333	0.383333	0.697286	265.7167	471	489	479	476	101.699	97.3415	4.357	104	85	187	160	0.3939	0.6875	4.31973	0.383333	0.697286	-0.0373	-0.0106	0.0098	-0.175294	2.79484
537	Stoudemire, Amare	NYK	133.5167	253	254	233	293	92.0949	115.354	-23.2595	63	53	77	104	0.377246	0.592308	58.4833	110	110	130	104	118.182	94.5455	23.6364	25	19	35	34	0.4237	0.6481	-23.2595	0.377246	0.592308	-46.8959	-0.0465	-0.0558	-3.48027	2.51287
541	Green, Willie	NOH	83.4833	150	147	159	173	106	117.687	-11.6871	19	44	42	52	0.267606	0.488372	204.5167	367	367	377	406	102.725	110.627	-7.9019	60	58	125	135	0.3077	0.6831	-11.6871	0.267606	0.488372	-3.7852	-0.0401	-0.1947	-5.97944	2.82723
550	Jones, Solomon	IND	0.0000	0	0	0	0	NULL	NULL	NULL	0	0	0	0	NULL	NULL	240.0000	453	454	451	488	99.5585	107.489	-7.93049	88	113	142	172	0.338462	0.556863	NULL	NULL	NULL	NULL	NULL	NULL	-1.84036	5.18772
551	Williams, Shelden	NYK	0.0000	0	0	0	0	NULL	NULL	NULL	0	0	0	0	NULL	NULL	192.0000	363	364	363	397	100	109.066	-9.06593	88	72	112	138	0.389381	0.608696	NULL	NULL	NULL	NULL	NULL	NULL	-6.91005	3.38232
552	Powe, Leon	MEM	14.0500	29	29	32	41	110.345	141.379	-31.0345	7	3	10	9	0.4375	0.769231	634.9500	1196	1197	1250	1250	104.515	104.428	0.0873	242	211	414	431	0.3596	0.6624	-31.0345	0.4375	0.769231	-31.1218	0.0779	0.1068	NULL	NULL
553	Rondo, Rajon	BOS	345.2833	644	645	701	645	108.851	100	8.85093	103	139	237	211	0.328025	0.630319	91.7167	165	159	151	195	91.5152	122.642	-31.1264	21	29	53	65	0.2442	0.6463	8.85093	0.328025	0.630319	39.9773	0.0838	-0.016	-1.88361	3.30993
558	Sefolosha, Thabo	OKC	344.4167	650	658	623	671	95.8462	101.976	-6.12953	111	115	260	241	0.315341	0.693333	496.5833	961	951	1119	1039	116.441	109.253	7.1878	193	196	329	293	0.3971	0.6267	-6.12953	0.315341	0.693333	-13.3173	-0.0818	0.0666	-2.57281	3.16624
560	Brown, Shannon	LAL	165.9000	297	298	312	344	105.051	115.436	-10.3857	67	38	106	107	0.385057	0.736111	314.1000	573	573	620	601	108.202	104.887	3.3159	102	85	201	201	0.3366	0.7028	-10.3857	0.385057	0.736111	-13.7016	0.0485	0.0333	-10.6364	3.44477
563	Barea, Jose	DAL	390.2000	703	717	792	816	112.66	113.808	-1.1475	108	147	230	265	0.289544	0.61008	622.8000	1138	1133	1271	1126	111.687	99.3822	12.305	188	187	415	374	0.3345	0.6894	-1.1475	0.289544	0.61008	-13.4525	-0.045	-0.0793	-10.8195	2.89198
569	Novak, Steve	SAS	5.7167	12	11	12	10	100	90.9091	9.09091	3	1	5	5	0.375	0.833333	287.2833	545	544	554	575	101.651	105.699	-4.0472	89	86	194	199	0.309	0.6929	9.09091	0.375	0.833333	13.1381	0.066	0.1404	NULL	NULL
573	Williams, Shawne	NYK	101.1167	196	197	209	194	106.633	98.4772	8.1555	40	31	60	72	0.357143	0.659341	90.8833	167	167	154	203	92.2156	121.557	-29.3413	48	41	52	66	0.4211	0.5591	8.1555	0.357143	0.659341	37.4968	-0.064	0.1002	-2.36234	3.0919
577	Gay, Rudy	MEM	0.0000	0	0	0	0	NULL	NULL	NULL	0	0	0	0	NULL	NULL	649.0000	1225	1226	1282	1291	104.653	105.302	-0.648733	249	214	424	440	0.361393	0.664577	NULL	NULL	NULL	NULL	NULL	NULL	-2.90455	3.01839
581	Quinn, Chris	SAS	0.0000	0	0	0	0	NULL	NULL	NULL	0	0	0	0	NULL	NULL	293.0000	557	555	566	585	101.616	105.405	-3.78961	92	87	199	204	0.310811	0.695804	NULL	NULL	NULL	NULL	NULL	NULL	NULL	NULL
594	Armstrong, Hilton	ATL	35.4333	67	63	64	63	95.5224	100	-4.47761	18	14	20	25	0.418605	0.588235	540.5667	959	966	971	1025	101.251	106.108	-4.8564	169	194	348	367	0.3153	0.6421	-4.47761	0.418605	0.588235	0.3788	0.1033	-0.0539	-4.21599	4.25267
597	Balkman, Renaldo	NYK	0.0000	0	0	0	0	NULL	NULL	NULL	0	0	0	0	NULL	NULL	192.0000	363	364	363	397	100	109.066	-9.06593	88	72	112	138	0.389381	0.608696	NULL	NULL	NULL	NULL	NULL	NULL	NULL	NULL
599	Redick, J.J.	ORL	120.1333	224	220	251	236	112.054	107.273	4.78084	49	38	83	73	0.401639	0.68595	167.8667	295	298	281	285	95.2542	95.6376	-0.3833	62	62	115	117	0.3464	0.6497	4.78084	0.401639	0.68595	5.1641	0.0552	0.0363	-7.41839	2.79568
606	Roy, Brandon	POR	137.7333	247	245	259	283	104.858	115.51	-10.6519	43	46	81	93	0.316176	0.637795	150.2667	258	260	270	277	104.651	106.538	-1.8873	37	47	97	87	0.2984	0.6736	-10.6519	0.316176	0.637795	-8.7646	0.0178	-0.0358	-2.1601	2.825
607	Aldridge, LaMarcus	POR	258.0167	451	449	473	524	104.878	116.704	-11.8257	71	76	149	162	0.304721	0.662222	29.9833	54	56	56	36	103.704	64.2857	39.418	9	17	29	18	0.3333	0.6304	-11.8257	0.304721	0.662222	-51.2437	-0.0286	0.0318	5.72603	3.54489
617	Brewer, Ronnie	CHI	260.4000	453	469	459	472	101.325	100.64	0.684844	113	89	180	156	0.420074	0.669145	512.6000	950	928	1021	940	107.474	101.293	6.1806	198	141	341	337	0.3701	0.7075	0.684844	0.420074	0.669145	-5.4958	0.05	-0.0384	-1.83228	2.86976
622	Mason, Roger	NYK	55.4333	108	106	120	110	111.111	103.774	7.33753	18	16	33	37	0.327273	0.673469	136.5667	255	258	243	287	95.2941	111.24	-15.9462	70	56	79	101	0.4094	0.5852	7.33753	0.327273	0.673469	23.2837	-0.0821	0.0883	-7.6957	3.80531
660	Mahinmi, Ian	DAL	33.3667	63	64	66	78	104.762	121.875	-17.1131	7	12	14	22	0.241379	0.538462	979.6333	1778	1786	1997	1864	112.317	104.367	7.9499	289	322	631	617	0.319	0.6621	-17.1131	0.241379	0.538462	-25.063	-0.0776	-0.1236	NULL	NULL
661	Oden, Greg	POR	0.0000	0	0	0	0	NULL	NULL	NULL	0	0	0	0	NULL	NULL	288.0000	505	505	529	560	104.752	110.891	-6.13861	80	93	178	180	0.307692	0.656827	NULL	NULL	NULL	NULL	NULL	NULL	NULL	NULL
662	McRoberts, Josh	IND	78.7833	149	150	153	154	102.685	102.667	0.0178971	29	32	47	57	0.337209	0.594937	161.2167	304	304	298	334	98.0263	109.868	-11.8421	59	81	95	115	0.3391	0.5398	0.0178971	0.337209	0.594937	11.86	-0.0019	0.0551	2.2529	3.39193
667	Landry, Carl	NOH	212.7167	377	374	375	417	99.4695	111.497	-12.0278	54	75	122	140	0.278351	0.619289	75.2833	140	140	161	162	115	115.714	-0.7143	25	27	45	47	0.3472	0.625	-12.0278	0.278351	0.619289	-11.3135	-0.0688	-0.0057	-5.53707	2.57211
673	Belinelli, Marco	NOH	172.8500	318	315	313	348	98.4277	110.476	-12.0485	51	57	99	118	0.301775	0.634615	115.1500	199	199	223	231	112.06	116.08	-4.0201	28	45	68	69	0.2887	0.6018	-12.0485	0.301775	0.634615	-8.0284	0.0131	0.0328	-4.87621	2.85245
675	Davis, Glen	BOS	191.3833	346	344	351	398	101.445	115.698	-14.2526	63	74	117	114	0.355932	0.612565	245.6167	463	460	501	442	108.207	96.087	12.1204	61	94	173	162	0.2735	0.6479	-14.2526	0.355932	0.612565	-26.373	0.0824	-0.0353	-1.95472	2.78868
679	Chandler, Wilson	DEN	114.8333	228	229	231	233	101.316	101.747	-0.430935	35	48	85	91	0.277778	0.639098	125.1667	247	246	256	278	103.644	113.008	-9.3644	46	46	84	96	0.3239	0.6462	-0.430935	0.277778	0.639098	8.9335	-0.0461	-0.0071	2.38555	2.42655
681	Young, Thaddeus	PHI	126.8167	227	229	207	262	91.1894	114.41	-23.2211	50	48	76	96	0.342466	0.612903	113.1833	203	200	226	208	111.33	104	7.33	33	38	80	77	0.3	0.678	-23.2211	0.342466	0.612903	-30.5511	0.0425	-0.0651	2.30178	3.16083
685	Gray, Aaron	NOH	86.8833	161	158	179	175	111.18	110.759	0.420631	23	27	56	56	0.291139	0.674699	201.1167	356	356	357	404	100.281	113.483	-13.2022	56	75	111	131	0.2995	0.5968	0.420631	0.291139	0.674699	13.6228	-0.0084	0.0779	4.37066	4.25857
686	Noah, Joakim	CHI	529.5333	965	966	1045	987	108.29	102.174	6.11624	211	148	358	348	0.37746	0.70751	243.4667	438	431	435	425	99.3151	98.6079	0.7072	100	82	163	145	0.4082	0.6653	6.11624	0.37746	0.70751	5.409	-0.0307	0.0422	-2.47947	3.3974
689	Afflalo, Arron	DEN	85.1167	172	173	161	180	93.6047	104.046	-10.4416	25	31	69	77	0.245098	0.69	154.8833	303	302	326	331	107.591	109.603	-2.0119	56	63	100	110	0.3373	0.6135	-10.4416	0.245098	0.69	-8.4297	-0.0922	0.0765	-3.36465	2.76115
695	Horford, Al	ATL	467.8667	826	834	839	906	101.574	108.633	-7.05924	138	153	298	319	0.301969	0.660754	108.1333	200	195	196	182	98	93.3333	4.6667	49	55	70	73	0.4016	0.56	-7.05924	0.301969	0.660754	-11.7259	-0.0996	0.1008	-1.26852	3.10529
700	Anthony, Joel	MIA	574.7167	1005	1016	1090	1022	108.458	100.591	7.86716	185	216	390	362	0.338208	0.643564	443.2833	823	816	858	870	104.253	106.618	-2.3649	135	111	300	280	0.3253	0.7299	7.86716	0.338208	0.643564	10.2321	0.0129	-0.0863	-6.27908	2.84092
701	Cook, Daequan	OKC	195.1000	369	366	426	405	115.447	110.656	4.79142	64	72	128	121	0.345946	0.64	645.9000	1242	1243	1316	1305	105.958	104.988	0.9702	240	239	461	413	0.3675	0.6586	4.79142	0.345946	0.64	3.8212	-0.0216	-0.0186	2.77881	3.55286
707	Conley, Mike	MEM	506.8333	948	950	1000	1002	105.485	105.474	0.0115478	193	170	329	341	0.361423	0.659319	142.1667	277	276	282	289	101.805	104.71	-2.9051	56	44	95	99	0.3613	0.6835	0.0115478	0.361423	0.659319	2.9166	0.0001	-0.0242	5.75053	4.14683
712	Brewer, Corey	DAL	22.9500	43	45	43	36	100	80	20	8	9	17	13	0.380952	0.653846	990.0500	1798	1805	2020	1906	112.347	105.596	6.7515	288	325	628	626	0.3151	0.659	20	0.380952	0.653846	13.2485	0.0659	-0.0052	-1.26656	2.90852
714	Durant, Kevin	OKC	722.2000	1395	1386	1500	1449	107.527	104.545	2.98143	277	262	514	463	0.374324	0.662371	118.8000	216	223	242	261	112.037	117.04	-5.0033	27	49	75	71	0.2755	0.6048	2.98143	0.374324	0.662371	7.9847	0.0988	0.0576	8.03889	3.50027
715	Green, Jeff	BOS	172.5333	327	318	313	339	95.7187	106.604	-10.8851	48	68	114	111	0.301887	0.626374	264.4667	482	486	539	501	111.826	103.086	8.7393	76	100	176	165	0.3154	0.6377	-10.8851	0.301887	0.626374	-19.6244	-0.0135	-0.0113	-5.23622	2.42434
719	Hawes, Spencer	PHI	98.0333	171	171	191	187	111.696	109.357	2.33918	33	44	62	62	0.347368	0.584906	141.9667	259	258	242	283	93.4363	109.69	-16.2536	50	42	94	111	0.3106	0.6912	2.33918	0.347368	0.584906	18.5928	0.0368	-0.1063	-4.4728	3.02463
722	Smith, Jason	NOH	57.5500	107	105	119	128	111.215	121.905	-10.6898	16	23	31	34	0.32	0.574074	230.4500	410	409	417	451	101.707	110.269	-8.5616	63	79	136	153	0.2917	0.6326	-10.6898	0.32	0.574074	-2.1282	0.0283	-0.0585	-2.27272	3.45666
726	Watson, C.J.	CHI	136.3167	238	245	225	253	94.5378	103.265	-8.72749	54	42	87	81	0.4	0.674419	636.6833	1165	1152	1255	1159	107.725	100.608	7.1177	257	188	434	412	0.3842	0.6977	-8.72749	0.4	0.674419	-15.8452	0.0158	-0.0233	-5.6655	3.61651
734	Fernandez, Rudy	POR	80.8500	143	141	154	153	107.692	108.511	-0.818331	27	30	53	48	0.36	0.638554	207.1500	362	364	375	407	103.591	111.813	-8.222	53	63	125	132	0.2865	0.6649	-0.818331	0.36	0.638554	7.4037	0.0735	-0.0263	-0.165401	2.79915
736	Batum, Nicolas	POR	150.8667	264	269	284	312	107.576	115.985	-8.40937	41	57	86	89	0.315385	0.601399	137.1333	241	236	245	248	101.66	105.085	-3.425	39	36	92	91	0.3	0.7188	-8.40937	0.315385	0.601399	-4.9844	0.0154	-0.1174	-8.25505	2.76284
748	Koufos, Kosta	DEN	2.1667	4	4	4	2	100	50	50	0	0	1	2	0	1	237.8333	471	471	483	509	102.548	108.068	-5.5202	81	94	168	185	0.3045	0.6412	50	0	1	55.5202	-0.3045	0.3588	NULL	NULL
752	Walker, Bill	NYK	89.1167	168	167	189	182	112.5	108.982	3.51796	47	23	51	56	0.456311	0.689189	102.8833	195	197	174	215	89.2308	109.137	-19.9063	41	49	61	82	0.3333	0.5545	3.51796	0.456311	0.689189	23.4243	0.123	0.1347	4.17022	3.36741
755	Rose, Derrick	CHI	649.5000	1188	1174	1268	1185	106.734	100.937	5.79704	264	192	441	422	0.38484	0.696682	123.5000	215	223	212	227	98.6047	101.794	-3.1891	47	38	80	71	0.3983	0.678	5.79704	0.38484	0.696682	8.9861	-0.0135	0.0187	2.28162	4.155
762	Hibbert, Roy	IND	131.7500	250	252	228	270	91.2	107.143	-15.9429	48	67	83	97	0.331034	0.553333	108.2500	203	202	223	218	109.852	107.921	1.9314	40	46	59	75	0.3478	0.5619	-15.9429	0.331034	0.553333	-17.8743	-0.0168	-0.0086	4.55268	4.05565
763	Rush, Brandon	IND	55.1833	101	107	112	119	110.891	111.215	-0.323864	21	29	29	36	0.368421	0.5	184.8167	352	347	339	369	96.3068	106.34	-10.0332	67	84	113	136	0.33	0.5736	-0.323864	0.368421	0.5	9.7093	0.0384	-0.0736	-7.60753	3.17178
768	Arthur, Darrell	MEM	200.7333	380	385	371	426	97.6316	110.649	-13.0178	70	75	127	151	0.316742	0.628713	448.2667	845	841	911	865	107.811	102.854	4.9569	179	139	297	289	0.3825	0.6812	-13.0178	0.316742	0.628713	-17.9747	-0.0658	-0.0525	-6.20478	3.18468
769	Gasol, Marc	MEM	518.7167	975	972	1020	991	104.615	101.955	2.66065	200	171	336	345	0.366972	0.662722	130.2833	250	254	262	300	104.8	118.11	-13.3102	49	43	88	95	0.3403	0.6718	2.66065	0.366972	0.662722	15.9709	0.0267	-0.0091	-2.53929	2.88263
770	Haddadi, Hamed	MEM	30.5833	65	64	76	68	116.923	106.25	10.6731	15	11	24	22	0.405405	0.685714	618.4167	1160	1162	1206	1223	103.965	105.25	-1.2841	234	203	400	418	0.3589	0.6633	10.6731	0.405405	0.685714	11.9572	0.0465	0.0224	NULL	NULL
771	Mayo, O.J.	MEM	362.1500	700	685	780	743	111.429	108.467	2.96142	147	130	241	231	0.388889	0.649596	286.8500	525	541	502	548	95.619	101.294	-5.6749	102	84	183	209	0.328	0.6854	2.96142	0.388889	0.649596	8.6363	0.0609	-0.0358	-2.22576	2.7367
773	Chalmers, Mario	MIA	510.8000	929	927	1032	953	111.087	102.805	8.28244	158	148	346	304	0.341991	0.700405	507.2000	899	905	916	939	101.891	103.757	-1.8659	162	179	344	338	0.324	0.6577	8.28244	0.341991	0.700405	10.1483	0.018	0.0427	-3.87844	2.71518
779	Anderson, Ryan	ORL	147.3500	272	260	304	273	111.765	105	6.76471	67	45	99	83	0.446667	0.6875	140.6500	247	258	228	248	92.3077	96.124	-3.8163	44	55	99	107	0.2914	0.6429	6.76471	0.446667	0.6875	10.581	0.1553	0.0446	3.88802	2.98742
784	Gallinari, Danilo	DEN	147.6667	288	289	303	308	105.208	106.574	-1.36606	49	54	107	110	0.308176	0.664596	92.3333	187	186	184	203	98.3957	109.14	-10.7441	32	40	62	77	0.2936	0.6078	-1.36606	0.308176	0.664596	9.378	0.0146	0.0568	-1.71643	2.54106
786	Westbrook, Russell	OKC	638.3000	1223	1212	1310	1281	107.114	105.693	1.42059	247	232	455	409	0.376524	0.6623	202.7000	388	397	432	429	111.34	108.061	3.2798	57	79	134	125	0.3132	0.6291	1.42059	0.376524	0.6623	-1.8592	0.0633	0.0332	-3.94927	4.82991
789	Speights, Marreese	PHI	20.7667	40	41	35	34	87.5	82.9268	4.57317	3	3	15	20	0.130435	0.833333	219.2333	390	388	398	436	102.051	112.371	-10.3199	80	83	141	153	0.3433	0.6295	4.57317	0.130435	0.833333	14.8931	-0.2129	0.2038	-1.2455	3.73936
793	Hill, George	SAS	189.2500	356	360	371	395	104.213	109.722	-5.50874	60	56	117	133	0.310881	0.676301	103.7500	201	195	195	190	97.0149	97.4359	-0.421	32	31	82	71	0.3107	0.7257	-5.50874	0.310881	0.676301	-5.0877	0.0002	-0.0494	-1.18631	2.74526
803	Johnson, Trey	LAL	11.5500	20	22	15	23	75	104.545	-29.5455	5	2	9	11	0.3125	0.818182	468.4500	850	849	917	922	107.882	108.598	-0.716	164	121	298	297	0.3557	0.7112	-29.5455	0.3125	0.818182	-28.8295	-0.0432	0.107	NULL	NULL
806	Teague, Jeff	ATL	238.1000	424	430	433	465	102.123	108.14	-6.01689	62	87	154	161	0.278027	0.639004	337.9000	602	599	602	623	100	104.007	-4.0067	125	121	214	231	0.3511	0.6388	-6.01689	0.278027	0.639004	-2.0102	-0.0731	0.0002	-6.4807	3.10854
808	Brown, Derrick	NYK	0.0000	0	0	0	0	NULL	NULL	NULL	0	0	0	0	NULL	NULL	192.0000	363	364	363	397	100	109.066	-9.06593	88	72	112	138	0.389381	0.608696	NULL	NULL	NULL	NULL	NULL	NULL	-5.44866	4.0479
811	Gibson, Taj	CHI	283.5833	505	516	509	488	100.792	94.5736	6.21844	111	89	203	169	0.396429	0.695205	489.4167	898	881	971	924	108.129	104.881	3.2484	200	141	318	324	0.3817	0.6928	6.21844	0.396429	0.695205	2.97	0.0147	0.0024	-1.27263	2.88832
813	Green, Danny	SAS	7.1667	17	17	17	14	100	82.3529	17.6471	3	1	8	6	0.333333	0.888889	285.8333	540	538	549	571	101.667	106.134	-4.4672	89	86	191	198	0.3101	0.6895	17.6471	0.333333	0.888889	22.1143	0.0232	0.1994	NULL	NULL
814	Beaubois, Rodrigue	DAL	0.0000	0	0	0	0	NULL	NULL	NULL	0	0	0	0	NULL	NULL	1013.0000	1841	1850	2063	1942	112.059	104.973	7.08569	296	334	645	639	0.316578	0.658836	NULL	NULL	NULL	NULL	NULL	NULL	-14.5102	4.13537
816	Lawson, Ty	DEN	166.8167	330	323	339	340	102.727	105.263	-2.53589	55	62	121	133	0.292553	0.661202	73.1833	145	152	148	171	102.069	112.5	-10.431	26	32	48	54	0.325	0.6	-2.53589	0.292553	0.661202	7.8951	-0.0324	0.0612	-0.169204	2.77573
822	Andersen, David	NOH	0.0000	0	0	0	0	NULL	NULL	NULL	0	0	0	0	NULL	NULL	288.0000	517	514	536	579	103.675	112.646	-8.97087	79	102	167	187	0.296992	0.620818	NULL	NULL	NULL	NULL	NULL	NULL	NULL	NULL
825	Hansbrough, Tyler	IND	164.1333	314	311	307	343	97.7707	110.289	-12.5187	59	79	97	117	0.335227	0.551136	75.8667	139	143	144	145	103.597	101.399	2.1985	29	34	45	55	0.3452	0.5696	-12.5187	0.335227	0.551136	-14.7172	-0.01	-0.0185	-6.08442	3.53944
826	Price, A.J.	IND	79.9667	151	149	146	161	96.6887	108.054	-11.3649	26	34	47	60	0.302326	0.580247	160.0333	302	305	305	327	100.993	107.213	-6.2197	62	79	95	112	0.3563	0.546	-11.3649	0.302326	0.580247	-5.1452	-0.054	0.0342	-8.93838	4.97865
834	Young, Sam	MEM	255.9333	481	479	468	487	97.2973	101.67	-4.37285	85	76	161	184	0.315985	0.679325	393.0667	744	747	814	804	109.409	107.631	1.7781	164	138	263	256	0.3905	0.6559	-4.37285	0.315985	0.679325	-6.1509	-0.0745	0.0234	-4.09622	2.77389
837	Meeks, Jodie	PHI	124.6667	233	228	226	240	96.9957	105.263	-8.26745	45	43	90	96	0.319149	0.676692	115.3333	197	201	207	230	105.076	114.428	-9.3517	38	43	66	77	0.3304	0.6055	-8.26745	0.319149	0.676692	1.0843	-0.0113	0.0712	-1.2618	2.75605
841	Collison, Darren	IND	145.8000	274	274	275	299	100.365	109.124	-8.75912	59	75	88	103	0.364198	0.539877	94.2000	179	180	176	189	98.324	105	-6.676	29	38	54	69	0.2959	0.587	-8.75912	0.364198	0.539877	-2.0831	0.0683	-0.0471	-9.77597	4.26405
843	Douglas, Toney	NYK	112.1000	208	212	199	246	95.6731	116.038	-20.3647	61	42	66	86	0.414966	0.611111	79.9000	155	152	164	151	105.807	99.3421	6.4643	27	30	46	52	0.3418	0.6053	-20.3647	0.414966	0.611111	-26.829	0.0732	0.0058	-6.5701	2.76137
846	Harden, James	OKC	536.7500	1045	1040	1207	1127	115.502	108.365	7.13701	210	210	361	317	0.398482	0.632224	304.2500	566	569	535	583	94.523	102.461	-7.9375	94	101	228	217	0.3023	0.693	7.13701	0.398482	0.632224	15.0745	0.0962	-0.0608	-1.44786	3.12726
847	Ibaka, Serge	OKC	490.4000	938	935	991	1016	105.65	108.663	-3.01278	181	174	345	308	0.370143	0.66474	350.6000	673	674	751	694	111.59	102.967	8.6225	123	137	244	226	0.3524	0.6404	-3.01278	0.370143	0.66474	-11.6353	0.0177	0.0243	-3.3424	2.61708
848	Mullens, Byron	OKC	0.0000	0	0	0	0	NULL	NULL	NULL	0	0	0	0	NULL	NULL	841.0000	1611	1609	1742	1710	108.132	106.277	1.8544	304	311	589	534	0.362769	0.654444	NULL	NULL	NULL	NULL	NULL	NULL	NULL	NULL
849	Holiday, Jrue	PHI	188.0167	339	333	353	367	104.13	110.21	-6.08042	60	67	120	134	0.309278	0.641711	51.9833	91	96	80	103	87.9121	107.292	-19.3796	23	19	36	39	0.371	0.6545	-6.08042	0.309278	0.641711	13.2992	-0.0617	-0.0128	1.21093	3.08575
850	Clark, Earl	ORL	6.0167	12	13	10	16	83.3333	123.077	-39.7436	2	2	4	7	0.222222	0.666667	281.9833	507	505	522	505	102.959	100	2.9586	109	98	194	183	0.3733	0.6644	-39.7436	0.222222	0.666667	-42.7022	-0.1511	0.0023	NULL	NULL
853	Mills, Patrick	POR	5.1500	11	10	8	4	72.7273	40	32.7273	2	2	7	4	0.333333	0.777778	282.8500	494	495	521	556	105.466	112.323	-6.8576	78	91	171	176	0.3071	0.6527	32.7273	0.333333	0.777778	39.5849	0.0262	0.1251	-9.50674	4.37846
858	Blair, DeJuan	SAS	50.3333	98	99	103	91	105.102	91.9192	13.1828	18	14	41	37	0.327273	0.745455	242.6667	459	456	463	494	100.871	108.333	-7.4619	74	73	158	167	0.3071	0.684	13.1828	0.327273	0.745455	20.6447	0.0202	0.0615	-3.43745	3.1632
861	Matthews, Wes	POR	202.0333	357	355	368	394	103.081	110.986	-7.90468	56	60	120	128	0.304348	0.666667	85.9667	148	150	161	166	108.784	110.667	-1.8829	24	33	58	52	0.3158	0.6374	-7.90468	0.304348	0.666667	-6.0218	-0.0115	0.0293	-5.94171	2.60522
862	Maynor, Eric	OKC	220.1667	423	431	464	473	109.693	109.745	-0.0521082	64	86	142	136	0.32	0.622807	620.8333	1188	1178	1278	1237	107.576	105.008	2.5673	240	225	447	398	0.3762	0.6652	-0.0521082	0.32	0.622807	-2.6194	-0.0562	-0.0424	-5.69886	4.40979
875	Sy, Pape	ATL	10.9667	18	19	19	13	105.556	68.4211	37.1345	6	2	7	5	0.545455	0.777778	565.0333	1008	1010	1016	1075	100.794	106.436	-5.642	181	206	361	387	0.3187	0.6367	37.1345	0.545455	0.777778	42.7765	0.2268	0.1411	NULL	NULL
876	Bradley, Avery	BOS	0.0000	0	0	0	0	NULL	NULL	NULL	0	0	0	0	NULL	NULL	437.0000	809	804	852	840	105.315	104.478	0.837592	124	168	290	276	0.31	0.633188	NULL	NULL	NULL	NULL	NULL	NULL	NULL	NULL
880	Asik, Omer	CHI	147.9667	255	261	253	252	99.2157	96.5517	2.66396	55	54	95	89	0.381944	0.637584	625.0333	1148	1136	1227	1160	106.882	102.113	4.7689	256	176	426	404	0.3879	0.7076	2.66396	0.381944	0.637584	-2.1049	-0.006	-0.07	5.19577	4.08107
884	Jones, Dominique	DAL	0.0000	0	0	0	0	NULL	NULL	NULL	0	0	0	0	NULL	NULL	1013.0000	1841	1850	2063	1942	112.059	104.973	7.08569	296	334	645	639	0.316578	0.658836	NULL	NULL	NULL	NULL	NULL	NULL	NULL	NULL
885	Forbes, Gary	DEN	2.1667	4	4	4	2	100	50	50	0	0	1	2	0	1	237.8333	471	471	483	509	102.548	108.068	-5.5202	81	94	168	185	0.3045	0.6412	50	0	1	55.5202	-0.3045	0.3588	-9.00671	3.74632
892	Smith, Ishmael	MEM	9.8333	21	20	20	25	95.2381	125	-29.7619	4	3	7	8	0.333333	0.7	639.1667	1204	1206	1262	1266	104.817	104.975	-0.1578	245	211	417	432	0.3619	0.664	-29.7619	0.333333	0.7	-29.6041	-0.0286	0.036	NULL	NULL
893	Henry, Xavier	MEM	0.0000	0	0	0	0	NULL	NULL	NULL	0	0	0	0	NULL	NULL	649.0000	1225	1226	1282	1291	104.653	105.302	-0.648733	249	214	424	440	0.361393	0.664577	NULL	NULL	NULL	NULL	NULL	NULL	NULL	NULL
894	Vasquez, Greivis	MEM	141.5000	275	273	278	283	101.091	103.663	-2.57209	56	46	96	100	0.358974	0.676056	507.5000	950	953	1004	1008	105.684	105.771	-0.087	193	168	328	340	0.3621	0.6613	-2.57209	0.358974	0.676056	-2.4851	-0.0031	0.0148	-4.94346	4.42446
901	George, Paul	IND	132.9167	249	255	238	267	95.5823	104.706	-9.12355	40	58	84	99	0.28777	0.591549	107.0833	204	199	213	221	104.412	111.055	-6.6435	48	55	58	73	0.3967	0.5133	-9.12355	0.28777	0.591549	-2.4801	-0.1089	0.0782	1.27233	3.8689
902	Stephenson, Lance	IND	0.0000	0	0	0	0	NULL	NULL	NULL	0	0	0	0	NULL	NULL	240.0000	453	454	451	488	99.5585	107.489	-7.93049	88	113	142	172	0.338462	0.556863	NULL	NULL	NULL	NULL	NULL	NULL	NULL	NULL
906	Caracter, Derrick	LAL	0.0000	0	0	0	0	NULL	NULL	NULL	0	0	0	0	NULL	NULL	480.0000	870	871	932	945	107.126	108.496	-1.36954	169	123	307	308	0.354298	0.713953	NULL	NULL	NULL	NULL	NULL	NULL	NULL	NULL
907	Ebanks, Devin	LAL	0.0000	0	0	0	0	NULL	NULL	NULL	0	0	0	0	NULL	NULL	480.0000	870	871	932	945	107.126	108.496	-1.36954	169	123	307	308	0.354298	0.713953	NULL	NULL	NULL	NULL	NULL	NULL	NULL	NULL
908	Pittman, Dexter	MIA	0.0000	0	0	0	0	NULL	NULL	NULL	0	0	0	0	NULL	NULL	1018.0000	1828	1832	1948	1892	106.565	103.275	3.28944	320	327	690	642	0.33264	0.678466	NULL	NULL	NULL	NULL	NULL	NULL	NULL	NULL
914	Pondexter, Quincy	NOH	8.5000	17	14	18	15	105.882	107.143	-1.2605	4	0	7	5	0.444444	1	279.5000	500	500	518	564	103.6	112.8	-9.2	75	102	160	182	0.2918	0.6107	-1.2605	0.444444	1	7.9395	0.1526	0.3893	-7.39785	4.21805
915	Fields, Landry	NYK	70.6167	135	139	123	150	91.1111	107.914	-16.8026	30	36	48	57	0.344828	0.571429	121.3833	228	225	240	247	105.263	109.778	-4.5146	58	36	64	81	0.4173	0.64	-16.8026	0.344828	0.571429	-12.288	-0.0725	-0.0686	1.04983	2.81129
916	Mozgov, Timofey	DEN	0.0000	0	0	0	0	NULL	NULL	NULL	0	0	0	0	NULL	NULL	240.0000	475	475	487	511	102.526	107.579	-5.05263	81	94	169	187	0.302239	0.642586	NULL	NULL	NULL	NULL	NULL	NULL	NULL	NULL
917	Rautins, Andy	NYK	0.0000	0	0	0	0	NULL	NULL	NULL	0	0	0	0	NULL	NULL	192.0000	363	364	363	397	100	109.066	-9.06593	88	72	112	138	0.389381	0.608696	NULL	NULL	NULL	NULL	NULL	NULL	NULL	NULL
918	Aldrich, Cole	OKC	0.0000	0	0	0	0	NULL	NULL	NULL	0	0	0	0	NULL	NULL	841.0000	1611	1609	1742	1710	108.132	106.277	1.8544	304	311	589	534	0.362769	0.654444	NULL	NULL	NULL	NULL	NULL	NULL	NULL	NULL
919	Orton, Daniel	ORL	0.0000	0	0	0	0	NULL	NULL	NULL	0	0	0	0	NULL	NULL	288.0000	519	518	532	521	102.505	100.579	1.92567	111	100	198	190	0.368771	0.66443	NULL	NULL	NULL	NULL	NULL	NULL	NULL	NULL
920	Brackins, Craig	PHI	0.0000	0	0	0	0	NULL	NULL	NULL	0	0	0	0	NULL	NULL	240.0000	430	429	433	470	100.698	109.557	-8.85944	83	86	156	173	0.324219	0.644628	NULL	NULL	NULL	NULL	NULL	NULL	NULL	NULL
921	Turner, Evan	PHI	96.8833	174	175	162	184	93.1034	105.143	-12.0394	29	31	67	70	0.292929	0.683673	143.1167	256	254	271	286	105.859	112.598	-6.7391	54	55	89	103	0.3439	0.6181	-12.0394	0.292929	0.683673	-5.3003	-0.051	0.0656	-5.63631	3.08274
925	Babbitt, Luke	POR	0.0000	0	0	0	0	NULL	NULL	NULL	0	0	0	0	NULL	NULL	288.0000	505	505	529	560	104.752	110.891	-6.13861	80	93	178	180	0.307692	0.656827	NULL	NULL	NULL	NULL	NULL	NULL	NULL	NULL
926	Johnson, Armon	POR	0.3167	0	0	0	0	NULL	NULL	NULL	0	0	1	0	NULL	1	287.6833	505	505	529	560	104.753	110.891	-6.1386	80	93	177	180	0.3077	0.6556	NULL	NULL	1	NULL	NULL	0.3444	NULL	NULL
927	Williams, Elliot	POR	0.0000	0	0	0	0	NULL	NULL	NULL	0	0	0	0	NULL	NULL	288.0000	505	505	529	560	104.752	110.891	-6.13861	80	93	178	180	0.307692	0.656827	NULL	NULL	NULL	NULL	NULL	NULL	NULL	NULL
928	Anderson, James	SAS	0.0000	0	0	0	0	NULL	NULL	NULL	0	0	0	0	NULL	NULL	293.0000	557	555	566	585	101.616	105.405	-3.78961	92	87	199	204	0.310811	0.695804	NULL	NULL	NULL	NULL	NULL	NULL	NULL	NULL
929	Neal, Gary	SAS	110.7167	214	215	228	250	106.542	116.279	-9.73701	46	31	69	83	0.356589	0.69	182.2833	343	340	338	335	98.5423	98.5294	0.0129	46	56	130	121	0.2754	0.6989	-9.73701	0.356589	0.69	-9.7499	0.0812	-0.0089	-5.22275	3.19114
930	Splitter, Tiago	SAS	50.1000	93	94	95	104	102.151	110.638	-8.48776	14	11	28	39	0.264151	0.717949	242.9000	464	461	471	481	101.509	104.338	-2.8298	78	76	171	165	0.321	0.6923	-8.48776	0.264151	0.717949	-5.658	-0.0568	0.0256	-5.44153	4.11316
941	Johnson, Chris	POR	18.7667	32	35	39	24	121.875	68.5714	53.3036	3	9	20	8	0.272727	0.689655	269.2333	473	470	490	536	103.594	114.043	-10.4485	77	84	158	172	0.3092	0.6529	53.3036	0.272727	0.689655	63.7521	-0.0365	0.0368	NULL	NULL
943	Ewing Jr., Patrick	NOH	2.0833	5	3	5	6	100	200	-100	0	0	1	2	0	1	285.9167	512	511	531	573	103.711	112.133	-8.4221	79	102	166	185	0.2992	0.6194	-100	0	1	-91.5779	-0.2992	0.3806	NULL	NULL
