PlayerID	PlayerTrueName	PlayerTeams	SimpleMin	SimplePossFor	SimplePossOpp	SimplePointsFor	SimplePointsOpp	SimpleOffRtg	SimpleDefRtg	SimpleOverallRtg	SimpleORebFor	SimpleORebOpp	SimpleDRebFor	SimpleDRebOpp	SimpleORebRate	SimpleDRebRate	WeightedMinOffCourt	WeightedPossForOffCourt	WeightedPossOppOffCourt	WeightedPointsForOffCourt	WeightedPointsOppOffCourt	WeightedOffRtgOffCourt	WeightedDefRtgOffCourt	WeightedOverallRtgOffCourt	WeightedORebForOffCourt	WeightedORebOppOffCourt	WeightedDRebForOffCourt	WeightedDRebOppOffCourt	WeightedORebRateOffCourt	WeightedDRebRateOffCourt	WeightedOverallRtgOnCourt	WeightedORebRateOnCourt	WeightedDRebRateOnCourt	WeightedOverallRtgOnCourtMinusOffCourt	WeightedORebRateOnCourtMinusOffCourt	WeightedDRebRateOnCourtMinusOffCourt	AdjustedPM	AdjustedPMStdErr
1	Howard, Josh	DAL	171.1833	314	315	314	353	100	112.063	-12.0635	55	45	128	125	0.305556	0.739884	68.8167	126	124	156	161	123.81	129.839	-6.0292	27	16	32	39	0.4091	0.6667	-12.0635	0.305556	0.739884	-6.0343	-0.1035	0.0732	4.00043	4.25597
2	Thomas, Kurt	SAS	268.2333	487	487	476	502	97.7413	103.08	-5.33881	76	64	184	189	0.286792	0.741935	557.7667	1052	1057	1123	1112	106.749	105.203	1.5456	119	138	411	415	0.2228	0.7486	-5.33881	0.286792	0.741935	-6.8844	0.064	-0.0067	2.44176	3.57203
3	Dampier, Erick	DAL	94.7000	178	180	168	216	94.382	120	-25.618	34	31	67	74	0.314815	0.683673	145.3000	262	259	302	298	115.267	115.058	0.2093	48	30	93	90	0.3478	0.7561	-25.618	0.314815	0.683673	-25.8273	-0.033	-0.0724	-10.8603	4.78981
5	Nowitzki, Dirk	DAL	210.5500	388	387	418	454	107.732	117.313	-9.5807	72	53	141	143	0.334884	0.726804	29.4500	52	52	52	60	100	115.385	-15.3846	10	8	19	21	0.3226	0.7037	-9.5807	0.334884	0.726804	5.8039	0.0123	0.0231	7.73584	4.56042
6	Terry, Jason	DAL	179.6333	330	327	353	390	106.97	119.266	-12.2964	66	48	116	127	0.341969	0.707317	60.3667	110	112	117	124	106.364	110.714	-4.3506	16	13	44	37	0.3019	0.7719	-12.2964	0.341969	0.707317	-7.9458	0.0401	-0.0646	5.15102	4.08267
7	Bell, Raja	PHX	214.8667	417	411	440	446	105.516	108.516	-3.00023	49	54	147	149	0.247475	0.731343	35.1333	69	71	62	66	89.8551	92.9577	-3.1027	11	12	29	31	0.2619	0.7073	-3.00023	0.247475	0.731343	0.1025	-0.0144	0.024	-0.449409	4.04546
8	Nash, Steve	PHX	183.0167	358	356	376	390	105.028	109.551	-4.52263	46	53	122	129	0.262857	0.697143	66.9833	128	126	126	122	98.4375	96.8254	1.6121	14	13	54	51	0.2154	0.806	-4.52263	0.262857	0.697143	-6.1347	0.0475	-0.1089	8.02838	4.78106
12	Diaw, Boris	PHX	177.4667	348	338	367	359	105.46	106.213	-0.753248	46	49	128	128	0.264368	0.723164	72.5333	138	144	135	153	97.8261	106.25	-8.4239	14	17	48	52	0.2121	0.7385	-0.753248	0.264368	0.723164	7.6707	0.0523	-0.0153	2.77022	3.8417
16	Barbosa, Leandro	PHX	142.8000	284	280	286	315	100.704	112.5	-11.7958	29	39	100	106	0.214815	0.719424	107.2000	202	202	216	197	106.931	97.5248	9.4059	31	27	76	74	0.2952	0.7379	-11.7958	0.214815	0.719424	-21.2017	-0.0804	-0.0185	-4.17555	3.87737
20	House, Eddie	BOS	164.8167	323	304	359	313	111.146	102.961	8.18498	40	43	116	104	0.277778	0.72956	1083.1833	1937	1953	2085	1995	107.641	102.15	5.4901	317	286	692	649	0.3282	0.7076	8.18498	0.277778	0.72956	2.6949	-0.0504	0.022	2.28809	5.37004
21	Martin, Kenyon	DEN	118.0500	236	237	236	269	100	113.502	-13.5021	48	42	87	83	0.366412	0.674419	73.9500	160	160	170	190	106.25	118.75	-12.5	20	11	56	59	0.2532	0.8358	-13.5021	0.366412	0.674419	-1.0021	0.1132	-0.1614	3.98088	4.23391
22	Nesterovic, Rasho	TOR	77.0500	136	138	157	155	115.441	112.319	3.12234	22	19	50	49	0.309859	0.724638	162.9500	316	315	340	365	107.595	115.873	-8.2781	44	54	102	126	0.2588	0.6538	3.12234	0.309859	0.724638	11.4004	0.0511	0.0708	2.60457	4.30949
23	Camby, Marcus	DEN	123.9667	256	256	258	307	100.781	119.922	-19.1406	50	37	89	92	0.352113	0.706349	68.0333	140	141	148	152	105.714	107.801	-2.0871	18	16	54	50	0.2647	0.7714	-19.1406	0.352113	0.706349	-17.0535	0.0874	-0.0651	0.785742	4.77507
24	Ginobili, Manu	SAS	558.8167	1066	1061	1117	1103	104.784	103.959	0.82571	140	124	406	412	0.253623	0.766038	267.1833	473	483	482	511	101.903	105.797	-3.8944	55	78	189	192	0.2227	0.7079	0.82571	0.253623	0.766038	4.7201	0.0309	0.0581	8.8768	3.43235
25	Anthony, Carmelo	DEN	146.2333	296	298	296	350	100	117.45	-17.4497	60	41	109	108	0.357143	0.726667	45.7667	100	99	110	109	110	110.101	-0.101	8	12	34	34	0.1905	0.7391	-17.4497	0.357143	0.726667	-17.3487	0.1666	-0.0124	-5.59924	4.29672
26	Duncan, Tim	SAS	665.9833	1244	1240	1315	1314	105.707	105.968	-0.260347	164	168	483	479	0.255054	0.741935	160.0167	295	304	284	300	96.2712	98.6842	-2.413	31	34	112	125	0.1987	0.7671	-0.260347	0.255054	0.741935	2.1527	0.0564	-0.0252	9.72426	4.75161
28	Bowen, Bruce	SAS	508.0667	927	941	946	975	102.05	103.613	-1.56356	120	134	374	376	0.241935	0.73622	317.9333	612	603	653	639	106.699	105.97	0.7292	75	68	221	228	0.2475	0.7647	-1.56356	0.241935	0.73622	-2.2928	-0.0056	-0.0285	-2.17328	4.12414
29	Finley, Michael	SAS	391.2000	743	733	794	793	106.864	108.186	-1.32147	89	99	279	275	0.244505	0.738095	434.8000	796	811	805	821	101.131	101.233	-0.1024	106	103	316	329	0.2437	0.7542	-1.32147	0.244505	0.738095	-1.2191	0.0008	-0.0161	0.521324	3.49298
30	Parker, Tony	SAS	654.2333	1228	1220	1284	1291	104.56	105.82	-1.25941	153	158	466	480	0.241706	0.746795	171.7667	311	324	315	323	101.286	99.6914	1.5948	42	44	129	124	0.253	0.7457	-1.25941	0.241706	0.746795	-2.8542	-0.0113	0.0011	-4.03383	5.02058
31	Miller, Andre	PHI	229.3833	416	413	399	454	95.9135	109.927	-14.0139	78	72	127	134	0.367925	0.638191	58.6167	106	108	116	103	109.434	95.3704	14.0636	28	16	33	39	0.4179	0.6735	-14.0139	0.367925	0.638191	-28.0775	-0.05	-0.0353	-9.6554	5.25821
32	Horry, Robert	SAS	153.9333	288	284	294	282	102.083	99.2958	2.78756	40	32	111	124	0.243902	0.776224	672.0667	1251	1260	1305	1332	104.316	105.714	-1.3977	155	170	484	480	0.2441	0.7401	2.78756	0.243902	0.776224	4.1853	-0.0002	0.0361	2.15729	4.84186
33	Barry, Brent	SAS	227.2000	435	431	470	456	108.046	105.8	2.24551	52	60	157	170	0.234234	0.723502	598.8000	1104	1113	1129	1158	102.265	104.043	-1.7786	143	142	438	434	0.2478	0.7552	2.24551	0.234234	0.723502	4.0241	-0.0136	-0.0317	-0.37781	4.49952
34	Hilario, Nene	DEN	30.1500	61	60	60	75	98.3607	125	-26.6393	7	7	18	21	0.25	0.72	161.8500	335	337	346	384	103.284	113.947	-10.663	61	46	125	121	0.3352	0.731	-26.6393	0.25	0.72	-15.9763	-0.0852	-0.011	NULL	NULL
36	Najera, Eduardo	DEN	78.3333	162	164	178	191	109.877	116.463	-6.58687	23	17	58	60	0.277108	0.773333	113.6667	234	233	228	268	97.4359	115.021	-17.5856	45	36	85	82	0.3543	0.7025	-6.58687	0.277108	0.773333	10.9987	-0.0772	0.0708	8.87468	4.46
37	Oberto, Fabricio	SAS	330.9167	610	628	652	649	106.885	103.344	3.5413	57	80	243	236	0.194539	0.752322	495.0833	929	916	947	965	101.938	105.349	-3.4118	138	122	352	368	0.2727	0.7426	3.5413	0.194539	0.752322	6.9531	-0.0782	0.0097	0.175071	3.81881
41	Johnson, DerMarr	SAS	0.0000	0	0	0	0	NULL	NULL	NULL	0	0	0	0	NULL	NULL	826.0000	1539	1544	1599	1614	103.899	104.534	-0.635043	195	202	595	604	0.244055	0.74655	NULL	NULL	NULL	NULL	NULL	NULL	NULL	NULL
46	Iverson, Allen	DEN	158.0000	324	325	335	383	103.395	117.846	-14.4511	56	50	116	114	0.329412	0.698795	34.0000	72	72	71	76	98.6111	105.556	-6.9444	12	3	27	28	0.3	0.9	-14.4511	0.329412	0.698795	-7.5067	0.0294	-0.2012	5.75171	5.5113
47	Ford, T.J.	TOR	124.0667	242	244	269	297	111.157	121.721	-10.5643	37	40	70	93	0.284615	0.636364	115.9333	210	209	228	223	108.571	106.699	1.8729	29	33	82	82	0.2613	0.713	-10.5643	0.284615	0.636364	-12.4372	0.0233	-0.0766	-9.76128	6.38802
50	Hunter, Steven	DEN	4.5667	11	11	10	5	90.9091	45.4545	45.4545	0	0	5	4	0	1	187.4333	385	386	396	454	102.857	117.617	-14.7594	68	53	138	138	0.3301	0.7225	45.4545	0	1	60.2139	-0.3301	0.2775	NULL	NULL
51	Magloire, Jamaal	DAL	0.0000	0	0	0	0	NULL	NULL	NULL	0	0	0	0	NULL	NULL	240.0000	440	439	470	514	106.818	117.084	-10.2661	82	61	160	164	0.333333	0.723982	NULL	NULL	NULL	NULL	NULL	NULL	NULL	NULL
52	Iguodala, Andre	PHI	233.7833	418	420	406	461	97.1292	109.762	-12.6327	77	73	130	137	0.359813	0.640394	54.2167	104	101	109	96	104.808	95.0495	9.7582	29	15	30	36	0.4462	0.6667	-12.6327	0.359813	0.640394	-22.3909	-0.0864	-0.0263	4.04662	4.99192
54	Korver, Kyle	UTA	258.7500	490	483	539	527	110	109.11	0.890269	90	83	173	167	0.350195	0.675781	322.2500	598	606	648	663	108.361	109.406	-1.0447	106	76	209	203	0.343	0.7333	0.890269	0.350195	0.675781	1.935	0.0072	-0.0575	3.92964	3.95228
61	Ollie, Kevin	PHI	18.7333	37	37	34	31	91.8919	83.7838	8.10811	8	5	10	16	0.333333	0.666667	269.2667	485	484	481	526	99.1753	108.678	-9.5024	98	83	150	157	0.3843	0.6438	8.10811	0.333333	0.666667	17.6105	-0.051	0.0229	NULL	NULL
62	Wells, Bonzi	NOH	170.4000	301	293	311	319	103.322	108.874	-5.55146	54	54	105	117	0.315789	0.660377	405.6000	743	752	848	796	114.132	105.851	8.2808	95	112	297	284	0.2507	0.7262	-5.55146	0.315789	0.660377	-13.8323	0.0651	-0.0658	-2.76171	3.76046
63	Smith, J.R.	DEN	107.6500	225	226	254	270	112.889	119.469	-6.58014	30	26	79	75	0.285714	0.752381	84.3500	171	171	152	189	88.8889	110.526	-21.6374	38	27	64	67	0.3619	0.7033	-6.58014	0.285714	0.752381	15.0573	-0.0762	0.0491	-2.11209	4.15283
66	Brown, Collier (P.J.)	BOS	340.7667	601	610	606	661	100.832	108.361	-7.52871	90	89	210	209	0.301003	0.702341	907.2333	1659	1647	1838	1647	110.79	100	10.7896	267	240	598	544	0.3292	0.7136	-7.52871	0.301003	0.702341	-18.3183	-0.0282	-0.0113	NULL	NULL
67	Stojakovic, Peja	NOH	454.5500	828	832	928	899	112.077	108.053	4.02441	108	133	320	326	0.248848	0.706402	121.4500	216	213	231	216	106.944	101.409	5.536	41	33	82	75	0.3534	0.713	4.02441	0.248848	0.706402	-1.5116	-0.1046	-0.0066	6.87097	5.28006
68	Bibby, Mike	ATL	251.6500	462	455	471	520	101.948	114.286	-12.3377	74	76	156	149	0.331839	0.672414	84.3500	146	151	139	174	95.2055	115.232	-20.0263	30	34	47	54	0.3571	0.5802	-12.3377	0.331839	0.672414	7.6886	-0.0253	0.0922	-5.51844	4.44632
69	West, David	NOH	485.3667	893	891	988	953	110.638	106.958	3.67982	124	137	337	356	0.258333	0.71097	90.6333	151	154	171	162	113.245	105.195	8.0502	25	29	65	45	0.3571	0.6915	3.67982	0.258333	0.71097	-4.3704	-0.0988	0.0195	0.838047	4.84395
70	Paul, Chris	NOH	486.0167	889	887	1009	953	113.498	107.441	6.0575	122	140	336	342	0.262931	0.705882	89.9833	155	158	150	162	96.7742	102.532	-5.7575	27	26	66	59	0.314	0.7174	6.0575	0.262931	0.705882	11.815	-0.0511	-0.0115	4.26016	5.8979
72	Claxton, Speedy	ATL	0.0000	0	0	0	0	NULL	NULL	NULL	0	0	0	0	NULL	NULL	336.0000	608	606	610	694	100.329	114.521	-14.1925	104	110	203	203	0.338762	0.648562	NULL	NULL	NULL	NULL	NULL	NULL	NULL	NULL
73	Andersen, Chris	NOH	0.0000	0	0	0	0	NULL	NULL	NULL	0	0	0	0	NULL	NULL	576.0000	1044	1045	1159	1115	111.015	106.699	4.31676	149	166	402	401	0.270909	0.707747	NULL	NULL	NULL	NULL	NULL	NULL	NULL	NULL
75	Hart, Jason	UTA	5.5333	11	12	4	12	36.3636	100	-63.6364	2	1	3	8	0.2	0.75	575.4667	1077	1077	1183	1178	109.842	109.378	0.4643	194	158	379	362	0.3489	0.7058	-63.6364	0.2	0.75	-64.1007	-0.1489	0.0442	-4.93129	7.84842
76	Butler, Rasual	NOH	0.0000	0	0	0	0	NULL	NULL	NULL	0	0	0	0	NULL	NULL	576.0000	1044	1045	1159	1115	111.015	106.699	4.31676	149	166	402	401	0.270909	0.707747	NULL	NULL	NULL	NULL	NULL	NULL	-0.969412	5.60572
78	Skinner, Brian	PHX	21.4333	41	42	36	55	87.8049	130.952	-43.1475	4	5	15	19	0.173913	0.75	228.5667	445	440	466	457	104.719	103.864	0.8555	56	61	161	161	0.2581	0.7252	-43.1475	0.173913	0.75	-44.003	-0.0842	0.0248	-9.6281	4.94652
83	Bass, Brandon	DAL	132.9500	242	239	266	279	109.917	116.736	-6.81905	46	31	88	82	0.359375	0.739496	107.0500	198	200	204	235	103.03	117.5	-14.4697	36	30	72	82	0.3051	0.7059	-6.81905	0.359375	0.739496	7.6507	0.0543	0.0336	-11.1415	4.64019
85	Price, Ronnie	UTA	68.0000	124	129	125	131	100.806	101.55	-0.743936	27	21	35	40	0.402985	0.625	513.0000	964	960	1062	1059	110.166	110.313	-0.1465	169	138	347	330	0.3387	0.7155	-0.743936	0.402985	0.625	-0.5974	0.0643	-0.0905	10.7303	7.11199
86	Johnson, Joe	ATL	275.2167	493	488	492	565	99.7972	115.779	-15.9815	84	90	165	161	0.342857	0.647059	60.7833	115	118	118	129	102.609	109.322	-6.7133	20	20	38	42	0.3226	0.6552	-15.9815	0.342857	0.647059	-9.2682	0.0203	-0.0081	8.67548	4.83172
88	Pachulia, Zaza	ATL	104.8167	186	189	212	203	113.978	107.407	6.57109	41	39	66	60	0.405941	0.628571	231.1833	422	417	398	491	94.3128	117.746	-23.433	63	71	137	143	0.3058	0.6587	6.57109	0.405941	0.628571	30.0041	0.1001	-0.0301	3.88866	4.80626
91	Childress, Josh	ATL	205.3667	368	370	396	404	107.609	109.189	-1.58049	65	68	123	121	0.349462	0.643979	130.6333	240	236	214	290	89.1667	122.881	-33.7147	39	42	80	82	0.3223	0.6557	-1.58049	0.349462	0.643979	32.1342	0.0272	-0.0117	-1.4292	3.89963
93	Foyle, Adonal	ORL	10.5833	18	22	10	34	55.5556	154.545	-98.9899	1	3	4	8	0.111111	0.571429	469.4167	865	859	961	921	111.098	107.218	3.8806	130	130	339	292	0.3081	0.7228	-98.9899	0.111111	0.571429	-102.87	-0.197	-0.1514	-8.85766	9.23041
94	Smith, Josh	ATL	236.8333	431	430	429	504	99.536	117.209	-17.6733	66	78	146	141	0.318841	0.651786	99.1667	177	176	181	190	102.26	107.954	-5.6947	38	32	57	62	0.38	0.6404	-17.6733	0.318841	0.651786	-11.9786	-0.0612	0.0114	4.64745	4.06463
96	Lue, Tyronn	DAL	2.2333	5	4	8	6	160	150	10	3	0	1	1	0.75	1	237.7667	435	435	462	508	106.207	116.782	-10.5747	79	61	159	163	0.3264	0.7227	10	0.75	1	20.5747	0.4236	0.2773	-5.05226	5.45333
97	Williams, Marvin	ATL	199.2667	363	365	335	440	92.2865	120.548	-28.2614	55	72	116	128	0.300546	0.617021	136.7333	245	241	275	254	112.245	105.394	6.8507	49	38	87	75	0.3952	0.696	-28.2614	0.300546	0.617021	-35.1121	-0.0947	-0.079	-7.52644	3.82307
100	Stoudamire, Salim	ATL	27.8833	54	54	55	63	101.852	116.667	-14.8148	10	5	17	20	0.333333	0.772727	308.1167	554	552	555	631	100.18	114.312	-14.1311	94	105	186	183	0.3394	0.6392	-14.8148	0.333333	0.772727	-0.6837	-0.0061	0.1335	-7.03126	6.52447
103	Fisher, Derek	LAL	663.4167	1307	1311	1495	1372	114.384	104.653	9.73115	154	224	466	457	0.252046	0.675362	349.5833	665	663	656	733	98.6466	110.558	-11.9115	82	84	238	247	0.2492	0.7391	9.73115	0.252046	0.675362	21.6426	0.0028	-0.0637	-3.46351	7.33998
115	Brezec, Primoz	TOR	0.0000	0	0	0	0	NULL	NULL	NULL	0	0	0	0	NULL	NULL	240.0000	452	453	497	520	109.956	114.79	-4.83453	66	73	152	175	0.273859	0.675556	NULL	NULL	NULL	NULL	NULL	NULL	-9.0684	6.20613
118	Chandler, Tyson	NOH	411.5667	738	740	861	768	116.667	103.784	12.8829	107	130	301	274	0.28084	0.698376	164.4333	306	305	298	347	97.3856	113.771	-16.3849	42	36	101	127	0.2485	0.7372	12.8829	0.28084	0.698376	29.2678	0.0323	-0.0388	5.78478	5.54646
121	Songaila, Darius	WAS	77.4000	144	143	158	148	109.722	103.497	6.22572	15	33	44	46	0.245902	0.571429	210.6000	388	387	395	425	101.804	109.819	-8.015	60	63	145	155	0.2791	0.6971	6.22572	0.245902	0.571429	14.2407	-0.0332	-0.1257	4.66303	4.49155
123	Ely, Melvin	NOH	59.0833	109	108	98	117	89.9083	108.333	-18.4251	16	12	39	50	0.242424	0.764706	516.9167	935	937	1061	998	113.476	106.51	6.9658	133	154	363	351	0.2748	0.7021	-18.4251	0.242424	0.764706	-25.3909	-0.0324	0.0626	1.00758	5.8964
130	Allen, Malik	DAL	18.0667	31	29	35	32	112.903	110.345	2.5584	6	1	11	11	0.352941	0.916667	221.9333	409	410	435	482	106.357	117.561	-11.204	76	60	149	153	0.3319	0.7129	2.5584	0.352941	0.916667	13.7624	0.021	0.2038	-1.60739	4.44243
131	Piatkowski, Eric	PHX	1.6000	2	3	1	1	50	33.3333	16.6667	1	0	2	2	0.333333	1	248.4000	484	479	501	511	103.512	106.681	-3.1682	59	66	174	178	0.2489	0.725	16.6667	0.333333	1	19.8349	0.0844	0.275	NULL	NULL
132	Okur, Mehmet	UTA	462.3167	864	858	957	942	110.764	109.79	0.973679	148	123	312	288	0.33945	0.717241	118.6833	224	231	230	248	102.679	107.359	-4.6807	48	36	70	82	0.3692	0.6604	0.973679	0.33945	0.717241	5.6544	-0.0298	0.0568	2.54486	5.25779
133	Giricek, Gordan	PHX	79.8000	159	158	153	146	96.2264	92.4051	3.82135	19	20	68	64	0.228916	0.772727	170.2000	327	324	349	366	106.728	112.963	-6.2351	41	46	108	116	0.2611	0.7013	3.82135	0.228916	0.772727	10.0565	-0.0322	0.0714	1.17182	4.49265
136	Kirilenko, Andrei	UTA	387.2333	728	727	811	789	111.401	108.528	2.8729	118	104	274	244	0.325967	0.724868	193.7667	360	362	376	401	104.444	110.773	-6.329	78	55	108	126	0.3824	0.6626	2.8729	0.325967	0.724868	9.2019	-0.0564	0.0623	3.74653	5.18132
137	Collins, Jarron	UTA	19.9500	38	38	36	36	94.7368	94.7368	0	14	7	11	18	0.4375	0.611111	561.0500	1050	1051	1151	1154	109.619	109.8	-0.1811	182	152	371	352	0.3408	0.7094	0	0.4375	0.611111	0.1811	0.0967	-0.0983	0.28323	6.44368
138	Harpring, Matt	UTA	208.6333	379	384	408	425	107.652	110.677	-3.02537	76	65	118	128	0.372549	0.644809	372.3667	709	705	779	765	109.873	108.511	1.3624	120	94	264	242	0.3315	0.7374	-3.02537	0.372549	0.644809	-4.3878	0.041	-0.0926	-8.27266	5.18536
139	Williams, Deron	UTA	513.0333	964	961	1062	1061	110.166	110.406	-0.239852	169	138	347	330	0.338677	0.715464	67.9667	124	128	125	129	100.807	100.781	0.0252	27	21	35	40	0.403	0.625	-0.239852	0.338677	0.715464	-0.2651	-0.0643	0.0905	0.0893493	7.81457
140	Brown, Devin	CLE	91.9333	167	168	161	188	96.4072	111.905	-15.4976	38	17	63	55	0.408602	0.7875	532.0667	959	961	1008	953	105.109	99.1675	5.942	154	140	349	353	0.3037	0.7137	-15.4976	0.408602	0.7875	-21.4396	0.1049	0.0738	-8.79078	3.96631
141	Humphries, Kris	TOR	1.6167	3	4	2	3	66.6667	75	-8.33333	0	1	0	2	0	0	238.3833	449	449	495	517	110.245	115.145	-4.8998	66	72	152	173	0.2762	0.6786	-8.33333	0	0	-3.4335	-0.2762	-0.6786	-4.34075	5.20743
144	Battie, Tony	ORL	0.0000	0	0	0	0	NULL	NULL	NULL	0	0	0	0	NULL	NULL	480.0000	883	881	971	955	109.966	108.4	1.56648	131	133	343	300	0.303944	0.720588	NULL	NULL	NULL	NULL	NULL	NULL	NULL	NULL
146	Francis, Steve	HOU	0.0000	0	0	0	0	NULL	NULL	NULL	0	0	0	0	NULL	NULL	288.0000	515	512	528	543	102.524	106.055	-3.53042	93	86	183	198	0.319588	0.680297	NULL	NULL	NULL	NULL	NULL	NULL	NULL	NULL
148	Stevenson, DeShawn	WAS	195.6500	362	365	381	396	105.249	108.493	-3.24453	56	64	134	131	0.299465	0.676768	92.3500	170	165	172	177	101.176	107.273	-6.0963	19	32	55	70	0.2135	0.6322	-3.24453	0.299465	0.676768	2.8518	0.086	0.0446	0.896939	5.28171
149	Howard, Dwight	ORL	421.4333	785	775	872	842	111.083	108.645	2.43764	122	123	303	259	0.32021	0.711268	58.5667	98	106	99	113	101.02	106.604	-5.5834	9	10	40	41	0.18	0.8	2.43764	0.32021	0.711268	8.021	0.1402	-0.0887	3.74553	8.93876
151	Turkoglu, Hedo	ORL	399.4500	729	730	812	810	111.385	110.959	0.426555	111	116	277	243	0.313559	0.704835	80.5500	154	151	159	145	103.247	96.0265	7.2203	20	17	66	57	0.2597	0.7952	0.426555	0.313559	0.704835	-6.7937	0.0539	-0.0904	3.28204	4.4599
158	Nelson, Jameer	ORL	333.2333	620	612	704	682	113.548	111.438	2.11048	96	94	238	205	0.318937	0.716867	146.7667	263	269	267	273	101.521	101.487	0.0339	35	39	105	95	0.2692	0.7292	2.11048	0.318937	0.716867	2.0766	0.0497	-0.0123	-4.94873	6.32369
161	Garrity, Pat	ORL	5.5500	13	12	12	5	92.3077	41.6667	50.641	2	1	8	5	0.285714	0.888889	474.4500	870	869	959	950	110.23	109.321	0.9088	129	132	335	295	0.3042	0.7173	50.641	0.285714	0.888889	49.7322	-0.0185	0.1716	NULL	NULL
163	Evans, Reggie	PHI	148.3833	265	264	280	272	105.66	103.03	2.63007	54	47	84	85	0.388489	0.641221	139.6167	257	257	235	285	91.4397	110.895	-19.4553	52	41	76	88	0.3714	0.6496	2.63007	0.388489	0.641221	22.0854	0.0171	-0.0084	5.5797	4.20051
165	Cassell, Sam	BOS	263.5500	463	461	500	457	107.991	99.1323	8.85904	83	75	164	152	0.353191	0.686192	984.4500	1797	1796	1944	1851	108.18	103.062	5.1179	274	254	644	601	0.3131	0.7171	8.85904	0.353191	0.686192	3.7411	0.0401	-0.0309	3.85687	5.01278
166	Allen, Ray	BOS	987.4667	1792	1779	1938	1788	108.147	100.506	7.64142	287	265	653	612	0.319244	0.711329	260.5333	468	478	506	520	108.12	108.787	-0.667	70	64	155	141	0.3318	0.7078	7.64142	0.319244	0.711329	8.3084	-0.0126	0.0035	2.52911	4.02564
170	Lewis, Rashard	ORL	417.3333	774	761	866	835	111.886	109.724	2.16226	118	118	291	259	0.312997	0.711491	62.6667	109	120	105	120	96.3303	100	-3.6697	13	15	52	41	0.2407	0.7761	2.16226	0.312997	0.711491	5.832	0.0723	-0.0646	4.10735	4.71512
180	Radmanovic, Vladimir	LAL	480.5667	941	930	1049	965	111.477	103.763	7.71371	113	132	343	318	0.262181	0.722105	532.4333	1031	1044	1102	1140	106.886	109.195	-2.3089	123	176	361	386	0.2417	0.6723	7.71371	0.262181	0.722105	10.0226	0.0205	0.0498	6.43962	3.87712
186	Bryant, Kobe	LAL	863.1000	1686	1688	1869	1805	110.854	106.931	3.92281	198	262	598	608	0.245658	0.695349	149.9000	286	286	282	300	98.6014	104.895	-6.2937	38	46	106	96	0.2836	0.6974	3.92281	0.245658	0.695349	10.2165	-0.0379	-0.0021	9.80182	4.79653
187	Odom, Lamar	LAL	786.4000	1531	1530	1650	1612	107.773	105.359	2.41322	178	238	556	549	0.244842	0.700252	226.6000	441	444	501	493	113.605	111.036	2.5694	58	70	148	155	0.2723	0.6789	2.41322	0.244842	0.700252	-0.1562	-0.0275	0.0214	0.253994	4.11121
188	Mihm, Chris	LAL	2.7667	5	5	4	10	80	200	-120	1	0	0	2	0.333333	NULL	1010.2333	1967	1969	2147	2095	109.151	106.399	2.7518	235	308	704	702	0.2508	0.6957	-120	0.333333	NULL	-122.752	0.0825	NULL	NULL	NULL
190	George, Devean	DAL	62.4333	111	113	132	128	118.919	113.274	5.64458	22	16	39	38	0.366667	0.709091	177.5667	329	326	338	386	102.736	118.405	-15.6693	60	45	121	126	0.3226	0.7289	5.64458	0.366667	0.709091	21.3139	0.0441	-0.0198	1.53182	4.83829
191	Cook, Brian	ORL	0.0000	0	0	0	0	NULL	NULL	NULL	0	0	0	0	NULL	NULL	480.0000	883	881	971	955	109.966	108.4	1.56648	131	133	343	300	0.303944	0.720588	NULL	NULL	NULL	NULL	NULL	NULL	-7.40667	5.55598
193	Vujacic, Sasha	LAL	455.3833	879	887	948	942	107.85	106.201	1.64915	109	142	323	325	0.251152	0.694624	557.6167	1093	1087	1203	1163	110.064	106.992	3.0723	127	166	381	379	0.251	0.6965	1.64915	0.251152	0.694624	-1.4231	0.0002	-0.0019	1.47935	4.04165
194	Bynum, Andrew	LAL	0.0000	0	0	0	0	NULL	NULL	NULL	0	0	0	0	NULL	NULL	1013.0000	1972	1974	2151	2105	109.077	106.636	2.44081	236	308	704	704	0.251064	0.695652	NULL	NULL	NULL	NULL	NULL	NULL	5.52324	4.94636
197	Gasol, Pau	LAL	835.5500	1638	1638	1828	1746	111.6	106.593	5.0061	199	257	581	585	0.253827	0.693317	177.4500	334	336	323	359	96.7066	106.845	-10.1387	37	51	123	119	0.2372	0.7069	5.0061	0.253827	0.693317	15.1448	0.0166	-0.0136	5.43486	3.44449
198	Battier, Shane	HOU	246.2667	435	436	451	473	103.678	108.486	-4.80808	77	81	153	172	0.309237	0.653846	41.7333	80	76	77	70	96.25	92.1053	4.1447	16	5	30	26	0.381	0.8571	-4.80808	0.309237	0.653846	-8.9528	-0.0718	-0.2033	2.71799	4.61531
202	Jones, Eddie	DAL	21.5167	40	41	40	53	100	129.268	-29.2683	2	6	13	17	0.105263	0.684211	218.4833	400	398	430	461	107.5	115.829	-8.3291	80	55	147	147	0.3524	0.7277	-29.2683	0.105263	0.684211	-20.9392	-0.2471	-0.0435	0.225155	4.98991
203	O'Neal, Shaquille	PHX	150.4167	289	288	304	289	105.19	100.347	4.84309	39	44	106	107	0.267123	0.706667	99.5833	197	194	198	223	100.508	114.949	-14.4408	21	22	70	73	0.2234	0.7609	4.84309	0.267123	0.706667	19.2839	0.0437	-0.0542	6.60033	3.90515
205	Stoudamire, Damon	SAS	35.4333	62	64	47	70	75.8064	109.375	-33.5686	11	10	22	28	0.282051	0.6875	790.5667	1477	1480	1552	1544	105.078	104.324	0.7535	184	192	573	576	0.2421	0.749	-33.5686	0.282051	0.6875	-34.322	0.04	-0.0615	-12.7964	5.18635
210	Jackson, Bobby	HOU	137.9667	242	246	239	253	98.7603	102.846	-4.0852	50	38	85	103	0.326797	0.691057	150.0333	273	266	289	290	105.861	109.023	-3.1618	43	48	98	95	0.3116	0.6712	-4.0852	0.326797	0.691057	-0.9234	0.0152	0.0199	-2.42422	4.38859
211	Kapono, Jason	TOR	152.2167	283	285	322	310	113.781	108.772	5.00899	36	45	106	108	0.25	0.701987	87.7833	169	168	175	210	103.55	125	-21.4497	30	28	46	67	0.3093	0.6216	5.00899	0.25	0.701987	26.4587	-0.0593	0.0804	3.29828	4.47045
222	Kidd, Jason	DAL	180.2667	332	332	366	384	110.241	115.663	-5.42169	63	45	122	122	0.340541	0.730539	59.7333	108	107	104	130	96.2963	121.495	-25.199	19	16	38	42	0.3115	0.7037	-5.42169	0.340541	0.730539	19.7773	0.029	0.0268	8.63317	4.02631
231	Vaughn, Jacque	SAS	91.0000	159	171	148	173	93.0818	101.17	-8.08783	19	24	64	71	0.211111	0.727273	735.0000	1380	1373	1451	1441	105.145	104.953	0.1923	176	178	531	533	0.2482	0.7489	-8.08783	0.211111	0.727273	-8.2801	-0.0371	-0.0216	-11.9061	5.26964
239	West, Delonte	CLE	453.1167	816	823	838	816	102.696	99.1495	3.54663	132	122	300	300	0.305556	0.7109	170.8833	310	306	331	325	106.774	106.209	0.565	60	35	112	108	0.3571	0.7619	3.54663	0.305556	0.7109	2.9816	-0.0515	-0.051	-2.08601	3.99569
240	Pierce, Paul	BOS	989.6833	1796	1796	1980	1845	110.245	102.728	7.5167	283	261	639	582	0.327168	0.71	258.3167	464	461	464	463	100	100.434	-0.4338	74	68	169	171	0.302	0.7131	7.5167	0.327168	0.71	7.9505	0.0252	-0.0031	8.8757	4.03526
245	Ariza, Trevor	LAL	45.2500	87	87	85	106	97.7011	121.839	-24.1379	13	9	27	31	0.295455	0.75	967.7500	1885	1887	2066	1999	109.602	105.935	3.6668	223	299	677	673	0.2489	0.6936	-24.1379	0.295455	0.75	-27.8047	0.0466	0.0564	-2.70378	5.72842
252	Scalabrine, Brian	BOS	0.0000	0	0	0	0	NULL	NULL	NULL	0	0	0	0	NULL	NULL	1248.0000	2260	2257	2444	2308	108.142	102.26	5.88196	357	329	808	753	0.321622	0.710642	NULL	NULL	NULL	NULL	NULL	NULL	-3.98814	6.17366
253	Perkins, Kendrick	BOS	630.8000	1128	1126	1206	1083	106.915	96.1812	10.7337	185	170	424	376	0.329768	0.713805	617.2000	1132	1131	1238	1225	109.364	108.311	1.0527	172	159	384	377	0.3133	0.7072	10.7337	0.329768	0.713805	9.681	0.0165	0.0066	-0.659141	4.05759
258	Ilgauskas, Zydrunas	CLE	393.4500	696	693	727	700	104.454	101.01	3.44392	117	101	261	257	0.312834	0.720994	230.5500	430	436	442	441	102.791	101.147	1.6439	75	56	151	151	0.3319	0.7295	3.44392	0.312834	0.720994	1.8	-0.0191	-0.0085	2.02123	4.00866
260	James, LeBron	CLE	551.9333	995	989	1060	994	106.533	100.506	6.0271	171	140	363	358	0.323251	0.72167	72.0667	131	140	109	147	83.2061	105	-21.7939	21	17	49	50	0.2958	0.7424	6.0271	0.323251	0.72167	27.821	0.0275	-0.0207	12.5318	3.95438
262	Snow, Eric	CLE	0.0000	0	0	0	0	NULL	NULL	NULL	0	0	0	0	NULL	NULL	624.0000	1126	1129	1169	1141	103.819	101.063	2.75594	192	157	412	408	0.32	0.724077	NULL	NULL	NULL	NULL	NULL	NULL	NULL	NULL
264	Jones, Damon	CLE	25.7000	51	50	43	60	84.3137	120	-35.6863	11	4	15	20	0.354839	0.789474	598.3000	1075	1079	1126	1081	104.744	100.185	4.5588	181	153	397	388	0.3181	0.7218	-35.6863	0.354839	0.789474	-40.2451	0.0367	0.0677	-1.93938	4.41136
265	Pavlovic, Sasha	CLE	111.0167	202	208	213	217	105.446	104.327	1.11862	32	30	61	72	0.307692	0.67033	512.9833	924	921	956	924	103.463	100.326	3.1375	160	127	351	336	0.3226	0.7343	1.11862	0.307692	0.67033	-2.0189	-0.0149	-0.064	-5.86473	4.33067
270	Hamilton, Richard	DET	655.7167	1183	1169	1290	1219	109.045	104.277	4.76764	175	193	382	407	0.300687	0.664348	160.2833	272	290	264	296	97.0588	102.069	-5.0101	46	51	93	104	0.3067	0.6458	4.76764	0.300687	0.664348	9.7777	-0.006	0.0185	0.629728	5.10278
271	Billups, Chauncey	DET	480.1833	858	856	930	903	108.392	105.491	2.90095	126	145	274	298	0.29717	0.653938	335.8167	597	603	624	612	104.523	101.493	3.0301	95	99	201	213	0.3084	0.67	2.90095	0.29717	0.653938	-0.1291	-0.0112	-0.0161	0.273399	5.08737
272	Prince, Tayshaun	DET	671.4167	1187	1189	1279	1230	107.751	103.448	4.30236	190	198	392	411	0.31614	0.664407	144.5833	268	270	275	285	102.612	105.556	-2.9436	31	46	83	100	0.2366	0.6434	4.30236	0.31614	0.664407	7.246	0.0795	0.021	3.87909	5.73818
273	Wallace, Ben	CLE	303.7667	544	560	553	542	101.654	96.7857	4.8687	94	89	203	207	0.312292	0.695205	320.2333	582	569	616	599	105.842	105.272	0.5695	98	68	209	201	0.3278	0.7545	4.8687	0.312292	0.695205	4.2992	-0.0155	-0.0593	0.265526	3.82087
274	Wallace, Rasheed	DET	584.8833	1034	1031	1109	1091	107.253	105.82	1.43379	156	169	335	381	0.290503	0.664683	231.1167	421	428	445	424	105.701	99.0654	6.6353	65	75	140	130	0.3333	0.6512	1.43379	0.290503	0.664683	-5.2015	-0.0428	0.0135	6.35646	5.32307
275	McDyess, Antonio	DET	468.1500	820	809	881	838	107.439	103.585	3.85435	138	128	262	277	0.33253	0.671795	347.8500	635	650	673	677	105.984	104.154	1.8304	83	116	213	234	0.2618	0.6474	3.85435	0.33253	0.671795	2.024	0.0707	0.0244	2.26976	5.15109
276	Evans, Maurice	ORL	282.3167	523	526	570	557	108.987	105.894	3.09308	72	79	202	171	0.296296	0.718861	197.6833	360	355	401	398	111.389	112.113	-0.7238	59	54	141	129	0.3138	0.7231	3.09308	0.296296	0.718861	3.8169	-0.0175	-0.0042	1.75774	4.07536
277	Arroyo, Carlos	ORL	29.9333	55	58	45	71	81.8182	122.414	-40.5956	7	3	16	23	0.233333	0.842105	450.0667	828	823	926	884	111.836	107.412	4.4238	124	130	327	277	0.3092	0.7155	-40.5956	0.233333	0.842105	-45.0194	-0.0759	0.1266	-9.12142	5.99086
279	Delfino, Carlos	TOR	120.6667	220	219	266	230	120.909	105.023	15.8863	31	30	85	80	0.279279	0.73913	119.3333	232	234	231	290	99.569	123.932	-24.3627	35	43	67	95	0.2692	0.6091	15.8863	0.279279	0.73913	40.249	0.0101	0.13	2.30885	4.29223
280	Maxiell, Jason	DET	371.1333	661	672	727	669	109.985	99.5536	10.4313	86	124	222	225	0.276527	0.641618	444.8667	794	787	827	846	104.156	107.497	-3.3407	135	120	253	286	0.3207	0.6783	10.4313	0.276527	0.641618	13.772	-0.0442	-0.0367	6.20969	4.76504
281	Williams, Louis	PHI	134.6333	251	250	255	234	101.594	93.6	7.99363	52	39	84	84	0.382353	0.682927	153.3667	271	271	260	323	95.941	119.188	-23.2472	54	49	76	89	0.3776	0.608	7.99363	0.382353	0.682927	31.2408	0.0048	0.0749	-3.10233	4.4975
285	Garnett, Kevin	BOS	986.7500	1783	1779	1971	1787	110.544	100.45	10.0943	281	258	655	593	0.32151	0.717415	261.2500	477	478	473	521	99.1614	108.996	-9.8344	76	71	153	160	0.322	0.683	10.0943	0.32151	0.717415	19.9287	-0.0005	0.0344	12.3212	4.3779
288	Szczerbiak, Wally	CLE	373.8000	676	678	678	678	100.296	100	0.295858	101	94	256	251	0.286932	0.731429	250.2000	450	451	491	463	109.111	102.661	6.4504	91	63	156	157	0.3669	0.7123	0.295858	0.286932	0.731429	-6.1545	-0.08	0.0191	-1.12268	3.35102
295	Dixon, Juan	DET	7.1000	10	11	10	2	100	18.1818	81.8182	3	3	8	5	0.375	0.727273	808.9000	1445	1448	1544	1513	106.851	104.489	2.3623	218	241	467	506	0.3011	0.6596	81.8182	0.375	0.727273	79.4559	0.0739	0.0677	0.958819	5.58897
297	Ratliff, Theo	DET	130.9333	238	241	247	261	103.782	108.299	-4.51724	39	37	78	81	0.325	0.678261	685.0667	1217	1218	1307	1254	107.395	102.956	4.4396	182	207	397	430	0.2974	0.6573	-4.51724	0.325	0.678261	-8.9568	0.0276	0.021	0.250902	5.78261
298	Carter, Anthony	DEN	60.5000	129	125	115	134	89.1473	107.2	-18.0527	19	16	43	52	0.267606	0.728814	131.5000	267	272	291	325	108.989	119.485	-10.4965	49	37	100	90	0.3525	0.7299	-18.0527	0.267606	0.728814	-7.5562	-0.0849	-0.0011	-4.51485	3.88958
302	Ming, Yao	HOU	0.0000	0	0	0	0	NULL	NULL	NULL	0	0	0	0	NULL	NULL	288.0000	515	512	528	543	102.524	106.055	-3.53042	93	86	183	198	0.319588	0.680297	NULL	NULL	NULL	NULL	NULL	NULL	0.976217	4.99015
304	Howard, Juwan	DAL	11.3667	20	20	24	20	120	100	20	2	5	7	8	0.2	0.583333	228.6333	420	419	446	494	106.19	117.9	-11.7093	80	56	153	156	0.339	0.7321	20	0.2	0.583333	31.7093	-0.139	-0.1488	NULL	NULL
305	McGrady, Tracy	HOU	247.4333	444	438	474	470	106.757	107.306	-0.549179	81	76	152	163	0.331967	0.666667	40.5667	71	74	54	73	76.0563	98.6486	-22.5923	12	10	31	35	0.2553	0.7561	-0.549179	0.331967	0.666667	22.0431	0.0767	-0.0894	2.40059	4.52945
308	Alston, Rafer	HOU	125.8500	226	227	232	242	102.655	106.608	-3.95306	34	37	82	87	0.280992	0.689076	162.1500	289	285	296	301	102.422	105.614	-3.1919	59	49	101	111	0.3471	0.6733	-3.95306	0.280992	0.689076	-0.7612	-0.0661	0.0158	1.40591	4.91403
311	Bowen, Ryan	NOH	39.1667	66	68	74	71	112.121	104.412	7.70945	11	9	33	17	0.392857	0.785714	536.8333	978	977	1085	1044	110.941	106.858	4.083	138	157	369	384	0.2644	0.7015	7.70945	0.392857	0.785714	3.6264	0.1285	0.0842	-0.0458526	5.90195
312	Mutombo, Dikembe	HOU	123.4333	212	213	236	232	111.321	108.92	2.40057	37	40	78	83	0.308333	0.661017	164.5667	303	299	292	311	96.3696	104.013	-7.6437	56	46	105	115	0.3275	0.6954	2.40057	0.308333	0.661017	10.0443	-0.0192	-0.0344	3.56848	5.96681
313	Arenas, Gilbert	WAS	94.0667	182	179	174	194	95.6044	108.38	-12.7755	25	30	63	74	0.252525	0.677419	193.9333	350	351	379	379	108.286	107.977	0.3085	50	66	126	127	0.2825	0.6563	-12.7755	0.252525	0.677419	-13.084	-0.03	0.0212	-5.98477	6.72876
316	Jamison, Antawn	WAS	236.8500	436	436	448	502	102.752	115.138	-12.3853	66	78	159	165	0.285714	0.670886	51.1500	96	94	105	71	109.375	75.5319	33.8431	9	18	30	36	0.2	0.625	-12.3853	0.285714	0.670886	-46.2284	0.0857	0.0459	4.75824	5.2204
317	Graham, Joey	TOR	1.7833	2	4	0	3	0	75	-75	1	1	1	2	0.333333	0.5	238.2167	450	449	497	517	110.444	115.145	-4.7003	65	72	151	173	0.2731	0.6771	-75	0.333333	0.5	-70.2997	0.0602	-0.1771	NULL	NULL
318	James, Mike	NOH	28.1333	46	47	49	46	106.522	97.8723	8.6494	6	6	23	15	0.285714	0.793103	547.8667	998	998	1110	1069	111.222	107.114	4.1082	143	160	379	386	0.2703	0.7032	8.6494	0.285714	0.793103	4.5412	0.0154	0.0899	-4.30014	5.49554
319	Bosh, Chris	TOR	198.8167	384	385	415	454	108.073	117.922	-9.84916	58	63	122	151	0.277512	0.659459	41.1833	68	68	82	66	120.588	97.0588	23.5294	8	10	30	24	0.25	0.75	-9.84916	0.277512	0.659459	-33.3786	0.0275	-0.0905	9.14737	4.36776
320	Woods, Loren	HOU	1.0833	2	1	2	2	100	200	-100	2	0	0	0	1	NULL	286.9167	513	511	526	541	102.534	105.871	-3.3367	91	86	183	198	0.3149	0.6803	-100	1	NULL	-96.6633	0.6851	NULL	NULL	NULL
321	Daniels, Antonio	WAS	153.6333	275	274	293	294	106.545	107.299	-0.753815	47	52	99	100	0.319728	0.655629	134.3667	257	256	260	279	101.167	108.984	-7.8171	28	44	90	101	0.2171	0.6716	-0.753815	0.319728	0.655629	7.0633	0.1026	-0.016	-4.82391	5.17233
322	Haywood, Brendan	WAS	178.4167	326	324	339	350	103.988	108.025	-4.03696	48	52	118	126	0.275862	0.694118	109.5833	206	206	214	223	103.883	108.252	-4.3689	27	44	71	75	0.2647	0.6174	-4.03696	0.275862	0.694118	0.3319	0.0112	0.0767	0.72938	4.97112
323	Thomas, Etan	WAS	0.0000	0	0	0	0	NULL	NULL	NULL	0	0	0	0	NULL	NULL	288.0000	532	530	553	573	103.947	108.113	-4.16584	75	96	189	201	0.271739	0.663158	NULL	NULL	NULL	NULL	NULL	NULL	NULL	NULL
324	Butler, Caron	WAS	246.0833	452	452	472	485	104.425	107.301	-2.87611	68	79	164	172	0.283333	0.674897	41.9167	80	78	81	88	101.25	112.821	-11.5705	7	17	25	29	0.1944	0.5952	-2.87611	0.283333	0.674897	8.6944	0.0889	0.0797	4.53325	4.33764
326	Peterson, Morris	NOH	277.2500	510	514	582	544	114.118	105.837	8.28107	64	76	206	196	0.246154	0.730496	298.7500	534	531	577	571	108.052	107.533	0.5195	85	90	196	205	0.2931	0.6853	8.28107	0.246154	0.730496	7.7616	-0.0469	0.0452	-4.4902	4.76224
328	Hayes, Jarvis	DET	61.1333	119	119	101	128	84.8739	107.563	-22.6891	18	20	42	49	0.268657	0.677419	754.8667	1336	1340	1453	1387	108.757	103.507	5.25	203	224	433	462	0.3053	0.6591	-22.6891	0.268657	0.677419	-27.9391	-0.0366	0.0183	-5.16876	5.39747
330	Bonner, Matt	SAS	8.9500	14	16	14	17	100	106.25	-6.25	2	4	7	6	0.25	0.636364	817.0500	1525	1528	1585	1597	103.934	104.516	-0.5813	193	198	588	598	0.244	0.7481	-6.25	0.25	0.636364	-5.6687	0.006	-0.1117	2.64905	5.01883
331	Calderon, Jose	TOR	119.5333	220	218	237	239	107.727	109.633	-1.90575	31	33	86	87	0.262712	0.722689	120.4667	232	235	260	281	112.069	119.575	-7.5055	35	40	66	88	0.2846	0.6226	-1.90575	0.262712	0.722689	5.5997	-0.0219	0.1001	-5.51821	6.18321
332	Atkins, Chucky	DEN	3.0333	8	7	6	5	75	71.4286	3.57143	0	0	4	3	0	1	188.9667	388	390	400	454	103.093	116.41	-13.3175	68	53	139	139	0.3285	0.724	3.57143	0	1	16.8889	-0.3285	0.276	NULL	NULL
366	Bogans, Keith	ORL	292.6333	530	535	588	574	110.943	107.29	3.65368	79	77	220	186	0.298113	0.740741	187.3667	353	346	383	381	108.499	110.116	-1.617	52	56	123	114	0.3133	0.6872	3.65368	0.298113	0.740741	5.2707	-0.0152	0.0535	4.58799	4.11609
372	Head, Luther	HOU	44.4000	86	86	81	78	94.186	90.6977	3.48837	18	8	34	34	0.346154	0.809524	243.6000	429	426	447	465	104.196	109.155	-4.9591	75	78	149	164	0.3138	0.6564	3.48837	0.346154	0.809524	8.4475	0.0324	0.1531	1.93101	4.27978
373	Booth, Calvin	PHI	0.0000	0	0	0	0	NULL	NULL	NULL	0	0	0	0	NULL	NULL	288.0000	522	521	515	557	98.659	106.91	-8.25078	106	88	160	173	0.379928	0.645161	NULL	NULL	NULL	NULL	NULL	NULL	NULL	NULL
383	Smith, Joe	CLE	263.2000	475	471	508	494	106.947	104.883	2.06414	89	64	167	166	0.34902	0.722944	360.8000	651	658	661	647	101.536	98.3283	3.2078	103	93	245	242	0.2986	0.7249	2.06414	0.34902	0.722944	-1.1437	0.0504	-0.002	0.888281	3.63164
389	Pargo, Jannero	NOH	265.3167	481	484	523	508	108.732	104.959	3.77313	77	80	179	187	0.291667	0.69112	310.6833	563	561	636	607	112.966	108.2	4.7666	72	86	223	214	0.2517	0.7217	3.77313	0.291667	0.69112	-0.9935	0.04	-0.0306	-1.5161	4.5312
392	Pollard, Scot	BOS	0.0000	0	0	0	0	NULL	NULL	NULL	0	0	0	0	NULL	NULL	1248.0000	2260	2257	2444	2308	108.142	102.26	5.88196	357	329	808	753	0.321622	0.710642	NULL	NULL	NULL	NULL	NULL	NULL	NULL	NULL
401	Posey, James	BOS	573.1833	1051	1044	1122	1109	106.755	106.226	0.529417	157	149	352	335	0.319106	0.702595	674.8167	1209	1213	1322	1199	109.347	98.8458	10.5007	200	180	456	418	0.3236	0.717	0.529417	0.319106	0.702595	-9.9713	-0.0045	-0.0144	-6.17259	3.70623
410	Marks, Sean	PHX	2.5000	4	4	1	4	25	100	-75	1	1	2	2	0.333333	0.666667	247.5000	482	478	501	508	103.942	106.276	-2.3342	59	65	174	178	0.2489	0.728	-75	0.333333	0.666667	-72.6658	0.0844	-0.0613	NULL	NULL
413	Blatche, Andray	WAS	88.5167	164	160	170	166	103.659	103.75	-0.0914635	25	31	54	63	0.284091	0.635294	199.4833	368	370	383	407	104.076	110	-5.9239	50	65	135	138	0.266	0.675	-0.0914635	0.284091	0.635294	5.8324	0.0181	-0.0397	-5.67526	4.5656
419	Dooling, Keyon	ORL	147.7333	264	267	263	265	99.6212	99.2509	0.370276	34	42	110	98	0.257576	0.723684	332.2667	619	614	708	690	114.378	112.378	2.0002	97	91	233	202	0.3244	0.7191	0.370276	0.257576	0.723684	-1.6299	-0.0668	0.0046	1.34942	4.93162
426	Miles, C.J.	UTA	26.2333	61	60	56	72	91.8033	120	-28.1967	11	5	13	19	0.366667	0.722222	554.7667	1027	1029	1131	1118	110.127	108.649	1.4774	185	154	369	351	0.3451	0.7055	-28.1967	0.366667	0.722222	-29.6741	0.0216	0.0167	-0.772946	5.72813
433	Randolph, Shavlik	PHI	4.0000	9	9	5	5	55.5556	55.5556	0	0	0	2	4	0	1	284.0000	513	512	510	552	99.4152	107.813	-8.3973	106	88	158	169	0.3855	0.6423	0	0	1	8.3973	-0.3855	0.3577	NULL	NULL
439	Mbenga, DJ	LAL	30.0667	58	60	69	65	118.966	108.333	10.6322	5	6	22	16	0.238095	0.785714	982.9333	1914	1914	2082	2040	108.777	106.583	2.1944	231	302	682	688	0.2514	0.6931	10.6322	0.238095	0.785714	8.4378	-0.0133	0.0926	NULL	NULL
444	Wright, Antoine	DAL	7.4833	13	13	18	14	138.462	107.692	30.7692	1	1	7	3	0.25	0.875	232.5167	427	426	452	500	105.855	117.371	-11.5161	81	60	153	161	0.3347	0.7183	30.7692	0.25	0.875	42.2853	-0.0847	0.1567	-2.56276	4.2639
458	Dalembert, Samuel	PHI	192.6833	346	348	332	385	95.9538	110.632	-14.6784	71	57	107	116	0.379679	0.652439	95.3167	176	173	183	172	103.977	99.422	4.5553	35	31	53	57	0.3804	0.631	-14.6784	0.379679	0.652439	-19.2337	-0.0007	0.0214	1.18586	4.8563
459	Walton, Luke	LAL	352.7167	688	695	766	763	111.337	109.784	1.55304	84	109	236	244	0.256098	0.684058	660.2833	1284	1279	1385	1342	107.866	104.926	2.9403	152	199	468	460	0.2484	0.7016	1.55304	0.256098	0.684058	-1.3873	0.0077	-0.0175	0.369967	3.83378
486	Hill, Grant	PHX	67.6833	132	137	123	139	93.1818	101.46	-8.27804	13	10	50	54	0.19403	0.833333	182.3167	354	345	379	373	107.062	108.116	-1.0538	47	56	126	126	0.2717	0.6923	-8.27804	0.19403	0.833333	-7.2242	-0.0777	0.141	0.733752	3.49159
489	Newble, Ira	LAL	1.1500	3	2	0	2	0	100	-100	0	0	1	1	0	1	1011.8500	1969	1972	2151	2103	109.243	106.643	2.6003	236	308	703	703	0.2513	0.6954	-100	0	1	-102.6	-0.2513	0.3046	-11.9861	5.33287
492	Stackhouse, Jerry	DAL	102.3667	186	186	197	229	105.914	123.118	-17.2043	35	23	60	64	0.353535	0.722892	137.6333	254	253	273	285	107.48	112.648	-5.1679	47	38	100	100	0.3197	0.7246	-17.2043	0.353535	0.722892	-12.0364	0.0338	-0.0017	-5.2637	4.17051
501	Allen, Tony	BOS	65.1833	123	131	136	129	110.569	98.4733	12.0958	15	18	53	46	0.245902	0.746479	1182.8167	2137	2126	2308	2179	108.002	102.493	5.5089	342	311	755	707	0.326	0.7083	12.0958	0.245902	0.746479	6.5869	-0.0801	0.0382	5.54799	4.41257
505	Varejao, Anderson	CLE	239.7167	435	434	447	443	102.759	102.074	0.684888	72	50	156	153	0.32	0.757282	384.2833	691	695	722	698	104.486	100.432	4.0546	120	107	256	255	0.32	0.7052	0.684888	0.32	0.757282	-3.3697	0	0.0521	-1.53946	4.44738
508	Hayes, Chuck	HOU	108.2167	195	192	185	199	94.8718	103.646	-8.77404	35	36	72	75	0.318182	0.666667	179.7833	320	320	343	344	107.188	107.5	-0.3125	58	50	111	123	0.3204	0.6894	-8.77404	0.318182	0.666667	-8.4615	-0.0022	-0.0227	4.6266	4.48544
510	Johnson, Amir	DET	42.8667	83	84	73	95	87.9518	113.095	-25.1434	12	19	28	32	0.272727	0.595745	773.1333	1372	1375	1481	1420	107.945	103.273	4.6719	209	225	447	479	0.3038	0.6652	-25.1434	0.272727	0.595745	-29.8153	-0.0311	-0.0695	9.05032	6.54524
515	Hunter, Lindsey	DET	115.2167	200	209	215	202	107.5	96.6507	10.8493	28	38	66	75	0.271845	0.634615	700.7833	1255	1250	1339	1313	106.693	105.04	1.6532	193	206	409	436	0.3068	0.665	10.8493	0.271845	0.634615	9.1961	-0.035	-0.0304	NULL	NULL
516	Turiaf, Ronny	LAL	186.8333	343	345	318	366	92.7114	106.087	-13.3756	45	69	125	124	0.266272	0.64433	826.1667	1629	1629	1833	1739	112.523	106.753	5.7704	191	239	579	580	0.2477	0.7078	-13.3756	0.266272	0.64433	-19.146	0.0186	-0.0635	-2.22329	4.06536
517	Jones, Dwayne	CLE	20.0333	42	42	36	41	85.7143	97.619	-11.9048	6	4	19	17	0.26087	0.826087	603.9667	1084	1087	1133	1100	104.52	101.196	3.3243	186	153	393	391	0.3224	0.7198	-11.9048	0.26087	0.826087	-15.2291	-0.0615	0.1063	-3.37784	6.48241
518	Boozer, Carlos	UTA	440.9500	829	831	908	909	109.53	109.386	0.143272	137	116	298	279	0.329327	0.719807	140.0500	259	258	279	281	107.722	108.915	-1.1927	59	43	84	91	0.3933	0.6614	0.143272	0.329327	0.719807	1.336	-0.064	0.0584	1.44381	5.88928
531	Thomas, Billy	CLE	8.0500	18	18	17	13	94.4444	72.2222	22.2222	4	1	9	6	0.4	0.9	615.9500	1108	1111	1152	1128	103.971	101.53	2.441	188	156	403	402	0.3186	0.7209	22.2222	0.4	0.9	19.7812	0.0814	0.1791	NULL	NULL
537	Stoudemire, Amare	PHX	203.7833	388	383	422	406	108.763	106.005	2.75766	52	53	136	132	0.282609	0.719577	46.2167	98	99	80	106	81.6327	107.071	-25.4381	8	13	40	48	0.1429	0.7547	2.75766	0.282609	0.719577	28.1958	0.1397	-0.0351	1.08949	4.34897
541	Green, Willie	PHI	141.6667	250	249	235	284	94	114.056	-20.0562	52	46	71	82	0.38806	0.606838	146.3333	272	272	280	273	102.941	100.368	2.5735	54	42	89	91	0.3724	0.6794	-20.0562	0.38806	0.606838	-22.6297	0.0157	-0.0726	-1.65203	4.62334
544	Udoka, Ime	SAS	236.0333	432	444	438	445	101.389	100.225	1.16366	52	53	179	174	0.230089	0.771552	589.9667	1107	1100	1161	1169	104.878	106.273	-1.3947	143	149	416	430	0.2496	0.7363	1.16366	0.230089	0.771552	2.5584	-0.0195	0.0353	2.3141	3.79076
550	Jones, Solomon	ATL	28.7667	58	56	52	61	89.6552	108.929	-19.2734	10	7	17	20	0.333333	0.708333	307.2333	550	550	558	633	101.454	115.091	-13.6364	94	103	186	183	0.3394	0.6436	-19.2734	0.333333	0.708333	-5.637	-0.0061	0.0647	NULL	NULL
552	Powe, Leon	BOS	269.9167	476	481	522	519	109.664	107.9	1.76366	90	76	159	161	0.358566	0.676596	978.0833	1784	1776	1922	1789	107.735	100.732	7.0034	267	253	649	592	0.3108	0.7195	1.76366	0.358566	0.676596	-5.2397	0.0478	-0.0429	-2.04383	4.45949
553	Rondo, Rajon	BOS	830.5333	1515	1517	1618	1556	106.799	102.571	4.22782	238	211	531	505	0.320323	0.715633	417.4667	745	740	826	752	110.872	101.622	9.2509	119	118	277	248	0.3243	0.7013	4.22782	0.320323	0.715633	-5.0231	-0.004	0.0143	-4.06821	5.4332
556	Herrmann, Walter	DET	26.9167	49	53	46	62	93.8775	116.981	-23.1036	10	7	13	21	0.322581	0.65	789.0833	1406	1406	1508	1453	107.255	103.343	3.9118	211	237	462	490	0.301	0.6609	-23.1036	0.322581	0.65	-27.0154	0.0216	-0.0109	NULL	NULL
561	Gibson, Daniel	CLE	284.2833	513	511	564	519	109.942	101.566	8.37596	93	69	187	178	0.343173	0.730469	339.7167	613	618	605	622	98.6949	100.647	-1.9523	99	88	225	230	0.3009	0.7188	8.37596	0.343173	0.730469	10.3283	0.0423	0.0117	4.04226	3.89887
563	Barea, Jose	DAL	5.2500	10	9	11	12	110	133.333	-23.3333	3	0	0	5	0.375	NULL	234.7500	430	430	459	502	106.744	116.744	-10	79	61	160	159	0.3319	0.724	-23.3333	0.375	NULL	-13.3333	0.0431	NULL	3.31302	6.58496
565	Diawara, Yakhouba	DEN	7.5167	18	19	18	13	100	68.4211	31.5789	0	0	9	7	0	1	184.4833	378	378	388	446	102.646	117.989	-15.3439	68	53	134	135	0.335	0.7166	31.5789	0	1	46.9228	-0.335	0.2834	-3.49877	5.40083
569	Novak, Steve	HOU	20.8667	38	35	40	43	105.263	122.857	-17.594	7	4	13	14	0.333333	0.764706	267.1333	477	477	488	500	102.306	104.822	-2.5157	86	82	170	184	0.3185	0.6746	-17.594	0.333333	0.764706	-15.0783	0.0148	0.0901	NULL	NULL
572	Baston, Maceo	TOR	0.5500	0	1	0	0	NULL	0	NULL	0	1	0	0	NULL	0	239.4500	452	452	497	520	109.956	115.044	-5.0885	66	72	152	175	0.2739	0.6786	NULL	NULL	0	NULL	NULL	-0.6786	NULL	NULL
575	Farmar, Jordan	LAL	359.7667	688	687	672	765	97.6744	111.354	-13.6793	81	92	240	258	0.238938	0.722892	653.2333	1284	1287	1479	1340	115.187	104.118	11.0688	155	216	464	446	0.2579	0.6824	-13.6793	0.238938	0.722892	-24.7481	-0.019	0.0405	-7.55712	6.77497
594	Armstrong, Hilton	NOH	72.0333	131	132	135	155	103.053	117.424	-14.3708	18	19	40	45	0.285714	0.677966	503.9667	913	913	1024	960	112.158	105.148	7.0099	131	147	362	356	0.269	0.7112	-14.3708	0.285714	0.677966	-21.3807	0.0167	-0.0332	-6.61339	6.29667
599	Redick, J.J.	ORL	10.2500	20	20	17	18	85	90	-5	3	2	8	10	0.230769	0.8	469.7500	863	861	954	937	110.545	108.827	1.7177	128	131	335	290	0.3062	0.7189	-5	0.230769	0.8	-6.7177	-0.0754	0.0811	NULL	NULL
600	Augustine, James	ORL	1.5667	4	3	7	3	175	100	75	2	0	2	0	1	1	478.4333	879	878	964	952	109.67	108.428	1.2418	129	133	341	300	0.3007	0.7194	75	1	1	73.7582	0.6993	0.2806	NULL	NULL
601	Carney, Rodney	PHI	84.0833	157	154	167	154	106.369	100	6.36943	37	23	51	54	0.406593	0.689189	203.9167	365	367	348	403	95.3425	109.809	-14.4668	69	65	109	119	0.367	0.6264	6.36943	0.406593	0.689189	20.8362	0.0396	0.0628	0.546478	4.6264
602	Jones, Bobby	DEN	0.0000	0	0	0	0	NULL	NULL	NULL	0	0	0	0	NULL	NULL	192.0000	396	397	406	459	102.525	115.617	-13.0919	68	53	143	142	0.32381	0.729592	NULL	NULL	NULL	NULL	NULL	NULL	-8.33966	5.71693
612	Bargnani, Andrea	TOR	103.9000	197	198	206	245	104.569	123.737	-19.1688	30	36	57	75	0.285714	0.612903	136.1000	255	255	291	275	114.118	107.843	6.2745	36	37	95	100	0.2647	0.7197	-19.1688	0.285714	0.612903	-25.4433	0.021	-0.1068	-4.00985	3.99183
614	Parker, Anthony	TOR	195.8167	374	371	410	445	109.626	119.946	-10.3204	52	61	121	144	0.265306	0.664835	44.1833	78	82	87	75	111.538	91.4634	20.075	14	12	31	31	0.3111	0.7209	-10.3204	0.265306	0.664835	-30.3954	-0.0458	-0.0561	-2.25701	5.11174
617	Brewer, Ronnie	UTA	304.7667	564	569	618	615	109.574	108.084	1.49011	102	73	205	195	0.343434	0.73741	276.2333	524	520	569	575	108.588	110.577	-1.9891	94	86	177	175	0.3494	0.673	1.49011	0.343434	0.73741	3.4792	-0.006	0.0644	4.18638	4.76365
622	Mason, Roger	WAS	128.9833	234	232	252	254	107.692	109.483	-1.79045	20	48	77	93	0.176991	0.616	159.0167	298	298	301	319	101.007	107.047	-6.0403	55	48	112	108	0.3374	0.7	-1.79045	0.176991	0.616	4.2498	-0.1604	-0.084	0.384264	5.09444
629	Millsap, Paul	UTA	209.6000	388	393	411	431	105.928	109.669	-3.74138	86	59	121	134	0.390909	0.672222	371.4000	700	696	776	759	110.857	109.052	1.8054	110	100	261	236	0.3179	0.723	-3.74138	0.390909	0.672222	-5.5468	0.073	-0.0508	2.3658	5.56803
636	Garbajosa, Jorge	TOR	0.0000	0	0	0	0	NULL	NULL	NULL	0	0	0	0	NULL	NULL	240.0000	452	453	497	520	109.956	114.79	-4.83453	66	73	152	175	0.273859	0.675556	NULL	NULL	NULL	NULL	NULL	NULL	NULL	NULL
640	Kleiza, Linas	DEN	122.0000	254	257	264	293	103.937	114.008	-10.0708	47	29	98	91	0.34058	0.771654	70.0000	142	140	142	166	100	118.571	-18.5714	21	24	45	51	0.2917	0.6522	-10.0708	0.34058	0.771654	8.5006	0.0489	0.1195	-1.25869	3.74548
650	Richardson, Jeremy	ATL	6.4667	14	13	12	12	85.7143	92.3077	-6.59341	5	1	4	5	0.5	0.8	329.5333	594	593	598	682	100.673	115.008	-14.335	99	109	199	198	0.3333	0.6461	-6.59341	0.5	0.8	7.7416	0.1667	0.1539	NULL	NULL
653	Amundson, Louis	PHI	10.3333	19	19	24	15	126.316	78.9474	47.3684	7	5	8	7	0.5	0.615385	277.6667	503	502	491	542	97.6143	107.968	-10.3538	99	83	152	166	0.3736	0.6468	47.3684	0.5	0.615385	57.7222	0.1264	-0.0314	NULL	NULL
660	Mahinmi, Ian	SAS	0.0000	0	0	0	0	NULL	NULL	NULL	0	0	0	0	NULL	NULL	826.0000	1539	1544	1599	1614	103.899	104.534	-0.635043	195	202	595	604	0.244055	0.74655	NULL	NULL	NULL	NULL	NULL	NULL	NULL	NULL
663	Green, Taurean	DEN	0.0000	0	0	0	0	NULL	NULL	NULL	0	0	0	0	NULL	NULL	192.0000	396	397	406	459	102.525	115.617	-13.0919	68	53	143	142	0.32381	0.729592	NULL	NULL	NULL	NULL	NULL	NULL	NULL	NULL
664	Karl, Coby	LAL	2.0333	6	5	2	6	33.3333	120	-86.6667	0	0	2	2	0	1	1010.9667	1966	1969	2149	2099	109.308	106.602	2.7059	236	308	702	702	0.2516	0.695	-86.6667	0	1	-89.3726	-0.2516	0.305	NULL	NULL
666	Brooks, Aaron	HOU	49.6500	93	87	90	97	96.7742	111.494	-14.7201	16	15	34	29	0.355556	0.693878	238.3500	422	425	438	446	103.791	104.941	-1.1497	77	71	149	169	0.313	0.6773	-14.7201	0.355556	0.693878	-13.5704	0.0426	0.0166	-6.9874	6.21406
667	Landry, Carl	HOU	105.7667	193	191	190	181	98.4456	94.7644	3.6812	34	24	73	72	0.320755	0.752577	182.2333	322	321	338	362	104.969	112.773	-7.8036	59	62	110	126	0.3189	0.6395	3.6812	0.320755	0.752577	11.4848	0.0019	0.1131	4.84162	5.58925
668	Almond, Morris	UTA	0.0000	0	0	0	0	NULL	NULL	NULL	0	0	0	0	NULL	NULL	581.0000	1088	1089	1187	1190	109.099	109.275	-0.175299	196	159	382	370	0.34629	0.7061	NULL	NULL	NULL	NULL	NULL	NULL	NULL	NULL
669	Fesenko, Kyrylo	UTA	0.0000	0	0	0	0	NULL	NULL	NULL	0	0	0	0	NULL	NULL	581.0000	1088	1089	1187	1190	109.099	109.275	-0.175299	196	159	382	370	0.34629	0.7061	NULL	NULL	NULL	NULL	NULL	NULL	NULL	NULL
674	Scola, Luis	HOU	220.3000	390	393	401	429	102.821	109.16	-6.33979	70	69	133	154	0.3125	0.658416	67.7000	125	119	127	114	101.6	95.7983	5.8017	23	17	50	44	0.3433	0.7463	-6.33979	0.3125	0.658416	-12.1415	-0.0308	-0.0879	-0.634069	4.54202
675	Davis, Glen	BOS	137.3500	249	257	262	293	105.221	114.008	-8.7869	36	30	84	90	0.285714	0.736842	1110.6500	2011	2000	2182	2015	108.503	100.75	7.7532	321	299	724	663	0.3262	0.7077	-8.7869	0.285714	0.736842	-16.5401	-0.0405	0.0291	-6.55963	4.60371
676	Pruitt, Gabe	BOS	0.0000	0	0	0	0	NULL	NULL	NULL	0	0	0	0	NULL	NULL	1248.0000	2260	2257	2444	2308	108.142	102.26	5.88196	357	329	808	753	0.321622	0.710642	NULL	NULL	NULL	NULL	NULL	NULL	NULL	NULL
680	Hill, Herbert	PHI	0.0000	0	0	0	0	NULL	NULL	NULL	0	0	0	0	NULL	NULL	288.0000	522	521	515	557	98.659	106.91	-8.25078	106	88	160	173	0.379928	0.645161	NULL	NULL	NULL	NULL	NULL	NULL	NULL	NULL
681	Young, Thaddeus	PHI	160.3667	291	293	279	334	95.8763	113.993	-18.1169	65	48	82	97	0.401235	0.630769	127.6333	231	228	236	223	102.164	97.807	4.3575	41	40	78	76	0.3504	0.661	-18.1169	0.401235	0.630769	-22.4744	0.0508	-0.0302	8.79238	4.03725
682	Moon, Jamario	TOR	103.9833	199	198	201	219	101.005	110.606	-9.60104	32	35	62	84	0.275862	0.639175	136.0167	253	255	296	301	116.996	118.039	-1.0432	34	38	90	91	0.272	0.7031	-9.60104	0.275862	0.639175	-8.5578	0.0039	-0.0639	9.8677	4.3134
689	Afflalo, Arron	DET	84.1667	154	159	142	161	92.2078	101.258	-9.05007	21	23	50	58	0.265823	0.684932	731.8333	1301	1300	1412	1354	108.532	104.154	4.3781	200	221	425	453	0.3063	0.6579	-9.05007	0.265823	0.684932	-13.4282	-0.0405	0.027	-6.10991	5.70863
690	Samb, Cheikh	DET	0.0000	0	0	0	0	NULL	NULL	NULL	0	0	0	0	NULL	NULL	816.0000	1455	1459	1554	1515	106.804	103.838	2.96588	221	244	475	511	0.301913	0.66064	NULL	NULL	NULL	NULL	NULL	NULL	NULL	NULL
691	Stuckey, Rodney	DET	380.1833	679	693	720	714	106.038	103.03	3.00799	103	116	223	235	0.304734	0.657817	435.8167	776	766	834	801	107.474	104.569	2.905	118	128	252	276	0.2995	0.6632	3.00799	0.304734	0.657817	0.103	0.0052	-0.0054	-4.50049	4.96344
695	Horford, Al	ATL	276.8000	494	488	485	571	98.1781	117.008	-18.8301	86	88	168	168	0.338583	0.65625	59.2000	114	118	125	123	109.649	104.237	5.4118	18	22	35	35	0.3396	0.614	-18.8301	0.338583	0.65625	-24.2419	-0.001	0.0423	-0.943117	4.42211
696	Law, Acie	ATL	61.0167	107	107	103	117	96.2617	109.346	-13.0841	19	24	33	39	0.327586	0.578947	274.9833	501	499	507	577	101.198	115.631	-14.4337	85	86	170	164	0.3414	0.6641	-13.0841	0.327586	0.578947	1.3496	-0.0138	-0.0852	-8.78516	5.2298
697	West, Mario	ATL	5.9167	10	15	8	10	80	66.6667	13.3333	5	2	4	3	0.625	0.666667	330.0833	598	591	602	684	100.669	115.736	-15.0671	99	108	199	200	0.3311	0.6482	13.3333	0.625	0.666667	28.4004	0.2939	0.0185	NULL	NULL
702	Gortat, Marcin	ORL	47.9833	80	84	89	79	111.25	94.0476	17.2024	8	7	36	33	0.195122	0.837209	432.0167	803	797	882	876	109.838	109.912	-0.0741	123	126	307	267	0.3154	0.709	17.2024	0.195122	0.837209	17.2765	-0.1203	0.1282	NULL	NULL
703	McGuire, Dominic	WAS	15.1667	31	31	32	28	103.226	90.3226	12.9032	2	5	12	12	0.142857	0.705882	272.8333	501	499	521	545	103.992	109.218	-5.2264	73	91	177	189	0.2786	0.6604	12.9032	0.142857	0.705882	18.1296	-0.1357	0.0455	-12.369	6.09581
704	Pecherov, Oleksiy	WAS	8.1667	18	18	15	14	83.3333	77.7778	5.55556	0	2	7	9	0	0.777778	279.8333	514	512	538	559	104.669	109.18	-4.5104	75	94	182	192	0.2809	0.6594	5.55556	0	0.777778	10.066	-0.2809	0.1184	NULL	NULL
705	Young, Nick	WAS	17.0667	36	36	31	34	86.1111	94.4444	-8.33333	3	6	14	14	0.176471	0.7	270.9333	496	494	522	539	105.242	109.109	-3.8674	72	90	175	187	0.278	0.6604	-8.33333	0.176471	0.7	-4.4659	-0.1015	0.0396	-8.78078	5.24177
711	Wright, Julian	NOH	131.1167	228	229	237	242	103.947	105.677	-1.72949	38	34	91	80	0.322034	0.728	444.8833	816	816	922	873	112.99	106.985	6.0049	111	132	311	321	0.2569	0.702	-1.72949	0.322034	0.728	-7.7344	0.0651	0.026	-1.8819	5.27379
717	Strawberry, D. J.	PHX	4.6333	8	10	1	10	12.5	100	-87.5	1	2	4	8	0.111111	0.666667	245.3667	478	472	501	502	104.812	106.356	-1.5442	59	64	172	172	0.2554	0.7288	-87.5	0.111111	0.666667	-85.9558	-0.1443	-0.0621	NULL	NULL
718	Tucker, Alando	PHX	0.0000	0	0	0	0	NULL	NULL	NULL	0	0	0	0	NULL	NULL	250.0000	486	482	502	512	103.292	106.224	-2.93189	60	66	176	180	0.25	0.727273	NULL	NULL	NULL	NULL	NULL	NULL	NULL	NULL
722	Smith, Jason	PHI	81.9500	151	149	159	156	105.298	104.698	0.600027	29	25	44	49	0.371795	0.637681	206.0500	371	372	356	401	95.9569	107.796	-11.8388	77	63	116	124	0.3831	0.648	0.600027	0.371795	0.637681	12.4388	-0.0113	-0.0103	-1.57245	4.77899
729	Harris, Mike	HOU	8.7667	19	15	19	16	100	106.667	-6.66667	4	2	6	4	0.5	0.75	279.2333	496	497	509	527	102.621	106.036	-3.4152	89	84	177	194	0.3145	0.6782	-6.66667	0.5	0.75	-3.2515	0.1855	0.0718	NULL	NULL
730	Allred, Lance	CLE	0.0000	0	0	0	0	NULL	NULL	NULL	0	0	0	0	NULL	NULL	624.0000	1126	1129	1169	1141	103.819	101.063	2.75594	192	157	412	408	0.32	0.724077	NULL	NULL	NULL	NULL	NULL	NULL	NULL	NULL
